0;0.00703382
0.1;0.00589142
0.2;0.0074461
0.3;0.00580645
0.4;0.006845
0.5;0.00571518
0.6;0.0066782
0.7;0.00578756
0.8;0.00682926
0.9;0.00526514
1;0.00686073
1.1;0.00613689
1.2;0.00754995
1.3;0.00557671
1.4;0.00677576
1.5;0.00557671
1.6;0.00787096
1.7;0.005476
1.8;0.00781746
1.9;0.00541306
2;0.00807238
2.1;0.00563021
2.2;0.00818882
2.3;0.00521479
2.4;0.00748072
2.5;0.00523052
2.6;0.00730762
2.7;0.00488119
2.8;0.00595436
2.9;0.00561447
3;0.00729189
3.1;0.00568371
3.2;0.00846577
3.3;0.00619354
3.4;0.0067852
3.5;0.00602989
3.6;0.00756569
3.7;0.00568056
3.8;0.00684185
3.9;0.00560818
4;0.00687017
4.1;0.00590086
4.2;0.00728245
4.3;0.00582218
4.4;0.00669079
4.5;0.00567112
4.6;0.00644531
4.7;0.0068985
4.8;0.00667505
4.9;0.00551062
5;0.00666876
5.1;0.00562391
5.2;0.00680094
5.3;0.00579071
5.4;0.00631943
5.5;0.00577497
5.6;0.00627537
5.7;0.00543194
5.8;0.00617466
5.9;0.00521479
6;0.00668449
6.1;0.00636349
6.2;0.00610857
6.3;0.00593233
6.4;0.00675373
6.5;0.0059701
6.6;0.00589771
6.7;0.00550117
6.8;0.00578756
6.9;0.00563335
7;0.00619354
7.1;0.00569
7.2;0.00623131
7.3;0.00571833
7.4;0.00554523
7.5;0.00567741
7.6;0.0054225
7.7;0.00690165
7.8;0.00550432
7.9;0.00539417
8;0.00635405
8.1;0.00571833
8.2;0.0060236
8.3;0.00568371
8.4;0.00612116
8.5;0.00593548
8.6;0.00572147
8.7;0.00570574
8.8;0.00529346
8.9;0.00513611
9;0.00590401
9.1;0.00648937
9.2;0.00617151
9.3;0.00602989
9.4;0.0062974
9.5;0.00605507
9.6;0.00570889
9.7;0.00589142
9.8;0.0056428
9.9;0.00583477
10;0.00621243
10.1;0.00557671
10.2;0.00618095
10.3;0.00553579
10.4;0.00534067
10.5;0.00565538
10.6;0.00557041
10.7;0.00575924
10.8;0.00568371
10.9;0.00558929
11;0.00571203
11.1;0.00588198
11.2;0.00625963
11.3;0.00587568
11.4;0.00599527
11.5;0.00577497
11.6;0.00575294
11.7;0.00546341
11.8;0.00513611
11.9;0.00500708
12;0.00576868
12.1;0.00584106
12.2;0.00580015
12.3;0.00565853
12.4;0.00582848
12.5;0.00563965
12.6;0.00558615
12.7;0.00521479
12.8;0.0058568
12.9;0.0051487
13;0.00527458
13.1;0.00551691
13.2;0.00649567
13.3;0.00558929
13.4;0.00596695
13.5;0.00603304
13.6;0.00538473
13.7;0.00548229
13.8;0.00763807
13.9;0.00572462
14;0.00556097
14.1;0.00558615
14.2;0.00586624
14.3;0.00563335
14.4;0.00558615
14.5;0.00507631
14.6;0.00496616
14.7;0.00549488
14.8;0.00535641
14.9;0.005797
15;0.00606136
15.1;0.00581903
15.2;0.00582533
15.3;0.00585051
15.4;0.0056365
15.5;0.00581589
15.6;0.00524311
15.7;0.00521793
15.8;0.00509834
15.9;0.00494413
16;0.00553265
16.1;0.00531235
16.2;0.00571518
16.3;0.0055232
16.4;0.00578127
16.5;0.00560818
16.6;0.00624704
16.7;0.00530291
16.8;0.00566797
16.9;0.00496616
17;0.00563965
17.1;0.00528717
17.2;0.00517387
17.3;0.00531864
17.4;0.005369
17.5;0.00496616
17.6;0.00485601
17.7;0.00490322
17.8;0.00506687
17.9;0.00456333
18;0.0054162
18.1;0.00507946
18.2;0.00546656
18.3;0.00517387
18.4;0.00506687
18.5;0.00572462
18.6;0.00495672
18.7;0.00510149
18.8;0.00495043
18.9;0.00482769
19;0.00516129
19.1;0.00500393
19.2;0.0051487
19.3;0.00507946
19.4;0.00512037
19.5;0.00517387
19.6;0.00503225
19.7;0.00517387
19.8;0.00485601
19.9;0.00522423
20;0.00530605
20.1;0.00574036
20.2;0.00604563
