Lenlab red 7.0 Logger-Daten
Zeit;Kanal_1
0;0.0421778
0.1;0.0431754
0.2;0.0430338
0.3;0.0436852
0.4;0.0438017
0.5;0.0438835
0.6;0.0437797
0.7;0.0439244
0.8;0.0439874
0.9;0.043852
1;0.0436129
1.1;0.0435184
1.2;0.0435468
1.3;0.0432635
1.4;0.0442643
1.5;0.0442675
1.6;0.0457749
1.7;0.0466845
1.8;0.046738
1.9;0.0464264
2;0.0465712
2.1;0.046845
2.2;0.046889
2.3;0.0463603
2.4;0.0461998
2.5;0.0467254
2.6;0.0476129
2.7;0.0467789
2.8;0.0465649
2.9;0.0470684
3;0.0465712
3.1;0.046631
3.2;0.0467191
3.3;0.0469457
3.4;0.0463792
3.5;0.046782
3.6;0.0464421
3.7;0.0470778
3.8;0.047723
3.9;0.0463446
4;0.0452368
4.1;0.0461683
4.2;0.0459229
4.3;0.0464075
4.4;0.0455641
4.5;0.0447427
4.6;0.0443147
4.7;0.0442171
4.8;0.0439024
4.9;0.0437891
5;0.0439968
5.1;0.0439244
5.2;0.0439465
5.3;0.0436066
5.4;0.0435845
5.5;0.0440157
5.6;0.0438646
5.7;0.0440314
5.8;0.0439307
5.9;0.0437797
6;0.0441542
6.1;0.0439559
6.2;0.0442328
6.3;0.0438237
6.4;0.0434996
6.5;0.0437199
6.6;0.0435908
6.7;0.0436412
6.8;0.0433642
6.9;0.0434587
7;0.0432163
7.1;0.0432824
7.2;0.0436192
7.3;0.0437702
7.4;0.0437167
7.5;0.0440125
7.6;0.0439433
7.7;0.0437167
7.8;0.043103
7.9;0.043638
8;0.0438017
8.1;0.0438174
8.2;0.0442863
8.3;0.0442675
8.4;0.0443021
8.5;0.044214
8.6;0.0439874
8.7;0.0444185
8.8;0.0436947
8.9;0.0438426
9;0.0437734
9.1;0.0439213
9.2;0.0448402
9.3;0.0442675
9.4;0.0451172
9.5;0.0443965
9.6;0.0444059
9.7;0.0443115
9.8;0.0439874
9.9;0.0438552
10;0.0442391
10.1;0.0437702
10.2;0.044
10.3;0.044428
10.4;0.044022
10.5;0.0439307
10.6;0.0440503
10.7;0.0454256
10.8;0.0443084
10.9;0.0441856
11;0.0439559
11.1;0.0439213
11.2;0.0439748
11.3;0.0442706
11.4;0.0439118
11.5;0.0442328
11.6;0.0440346
11.7;0.0441951
11.8;0.0438993
11.9;0.0443241
12;0.0443524
12.1;0.0434775
12.2;0.0440346
12.3;0.0443839
12.4;0.0442895
12.5;0.0438426
12.6;0.0443524
12.7;0.0443052
12.8;0.0436915
12.9;0.0441542
13;0.0438961
13.1;0.0434618
13.2;0.0437293
13.3;0.0447836
13.4;0.0436506
13.5;0.0449063
13.6;0.0440881
13.7;0.0444468
13.8;0.0442517
13.9;0.043509
14;0.0438017
14.1;0.0438206
14.2;0.0437041
14.3;0.043959
14.4;0.0433422
14.5;0.0437262
14.6;0.0432761
14.7;0.0434838
14.8;0.0432226
14.9;0.045306
15;0.0436475
15.1;0.0434146
15.2;0.0439118
15.3;0.0434807
15.4;0.0435468
15.5;0.0435342
15.6;0.0434712
15.7;0.0435531
15.8;0.0432132
15.9;0.0429834
16;0.0424673
16.1;0.0424862
16.2;0.0427096
16.3;0.0444752
16.4;0.0433705
16.5;0.0434209
16.6;0.0433044
16.7;0.0430653
16.8;0.0427537
16.9;0.0426498
17;0.0426467
17.1;0.0424579
17.2;0.042546
17.3;0.0429425
17.4;0.0424138
17.5;0.0421243
17.6;0.0416239
17.7;0.042269
17.8;0.0421274
17.9;0.0418033
18;0.0421274
18.1;0.0417624
18.2;0.042376
18.3;0.0422942
18.4;0.0419229
18.5;0.0422753
18.6;0.0417214
18.7;0.0416113
18.8;0.0416302
18.9;0.041369
19;0.0409221
19.1;0.0411487
19.2;0.0413155
19.3;0.041369
19.4;0.0413815
19.5;0.0413784
19.6;0.041284
19.7;0.0412305
19.8;0.0412494
19.9;0.040834
20;0.041221
20.1;0.0403965
20.2;0.0412053
20.3;0.0409535
20.4;0.0405035
20.5;0.0404311
20.6;0.0405633
20.7;0.0410511
20.8;0.0403902
20.9;0.040022
21;0.0402171
21.1;0.040642
21.2;0.0401888
21.3;0.0403273
21.4;0.0404185
21.5;0.0400661
21.6;0.0410605
