Lenlab red 7.0 Logger-Daten
Zeit;Kanal_1
0;0.3338
0.1;0.33504
0.2;0.335587
0.3;0.335399
0.4;0.334672
0.5;0.335452
0.6;0.335392
0.7;0.335474
0.8;0.335455
0.9;0.335893
1;0.337416
1.1;0.336085
1.2;0.337397
1.3;0.336428
1.4;0.336094
1.5;0.336144
1.6;0.336528
1.7;0.337262
1.8;0.336783
1.9;0.336752
2;0.337051
2.1;0.336686
2.2;0.337236
2.3;0.336793
2.4;0.337101
2.5;0.337469
2.6;0.337208
2.7;0.336793
2.8;0.336768
2.9;0.336868
3;0.336966
3.1;0.336934
3.2;0.336258
3.3;0.336708
3.4;0.336516
3.5;0.336613
3.6;0.33706
3.7;0.336761
3.8;0.336538
3.9;0.33639
4;0.336701
4.1;0.336588
4.2;0.336868
4.3;0.337416
4.4;0.337542
4.5;0.337963
4.6;0.338045
4.7;0.338527
4.8;0.338048
4.9;0.338149
5;0.337753
5.1;0.337768
5.2;0.337535
5.3;0.337435
5.4;0.336229
5.5;0.336642
5.6;0.336566
5.7;0.336368
5.8;0.336211
5.9;0.336371
6;0.336229
6.1;0.336481
6.2;0.335631
6.3;0.33548
6.4;0.335779
6.5;0.335962
6.6;0.335795
6.7;0.335676
6.8;0.33565
6.9;0.335377
7;0.335474
7.1;0.334568
7.2;0.33498
7.3;0.335304
7.4;0.335219
7.5;0.335131
7.6;0.335018
7.7;0.334753
7.8;0.334524
7.9;0.334873
8;0.334225
8.1;0.334631
8.2;0.334414
8.3;0.33458
8.4;0.334262
8.5;0.333957
8.6;0.333551
8.7;0.3334
8.8;0.333372
8.9;0.333501
9;0.33334
9.1;0.333331
9.2;0.33228
9.3;0.332173
9.4;0.331877
9.5;0.331537
9.6;0.331405
9.7;0.330933
9.8;0.330722
9.9;0.330801
10;0.330423
10.1;0.330061
10.2;0.329567
10.3;0.329504
10.4;0.329296
10.5;0.329218
10.6;0.32923
10.7;0.329661
10.8;0.328714
10.9;0.328286
11;0.328204
11.1;0.328192
11.2;0.328104
11.3;0.328418
11.4;0.328475
11.5;0.328107
11.6;0.327968
11.7;0.32738
11.8;0.327118
11.9;0.327185
12;0.326873
12.1;0.326511
12.2;0.326568
12.3;0.326033
12.4;0.326511
12.5;0.325768
12.6;0.326738
12.7;0.325196
12.8;0.325665
12.9;0.324456
13;0.324437
13.1;0.323805
13.2;0.323351
13.3;0.322901
13.4;0.322735
13.5;0.32208
13.6;0.32224
13.7;0.321208
13.8;0.321665
13.9;0.320849
14;0.320771
14.1;0.320632
14.2;0.320418
14.3;0.320478
14.4;0.319726
14.5;0.319899
14.6;0.320069
14.7;0.319547
14.8;0.319125
14.9;0.319276
15;0.318879
15.1;0.319074
15.2;0.318823
15.3;0.318716
15.4;0.318681
15.5;0.319018
15.6;0.318609
15.7;0.318262
15.8;0.318363
15.9;0.318067
16;0.31775
16.1;0.317312
16.2;0.316702
16.3;0.316535
16.4;0.316642
16.5;0.316009
16.6;0.316481
16.7;0.315924
16.8;0.315946
16.9;0.315373
17;0.315518
17.1;0.315137
17.2;0.314467
17.3;0.314634
17.4;0.314722
17.5;0.315213
17.6;0.314782
17.7;0.314697
17.8;0.314725
17.9;0.314448
18;0.313816
18.1;0.31464
18.2;0.314392
18.3;0.314495
18.4;0.31487
18.5;0.314716
18.6;0.314325
18.7;0.314675
18.8;0.314643
18.9;0.314118
19;0.314017
19.1;0.313897
19.2;0.314099
19.3;0.313879
19.4;0.314376
19.5;0.313916
19.6;0.314206
19.7;0.313677
19.8;0.313325
