Lenlab red 7.0 Logger-Daten
Zeit;Kanal_1
0;0.4094
0.1;0.409771
0.2;0.410398
0.3;0.410395
0.4;0.410725
0.5;0.411134
0.6;0.409932
0.7;0.410741
0.8;0.411348
0.9;0.411027
1;0.411298
1.1;0.411524
1.2;0.411716
1.3;0.413214
1.4;0.413309
1.5;0.412629
1.6;0.412893
1.7;0.413494
1.8;0.413356
1.9;0.41317
2;0.413746
2.1;0.413891
2.2;0.414911
2.3;0.415049
2.4;0.415864
2.5;0.41622
2.6;0.417007
2.7;0.417878
2.8;0.417334
2.9;0.419483
3;0.419616
3.1;0.4214
3.2;0.422061
3.3;0.421869
3.4;0.423439
3.5;0.423499
3.6;0.424037
3.7;0.42466
3.8;0.424349
3.9;0.426181
4;0.426325
4.1;0.427424
4.2;0.428273
4.3;0.429532
4.4;0.430747
4.5;0.431704
4.6;0.43238
4.7;0.433494
4.8;0.433579
4.9;0.435373
5;0.435773
5.1;0.436692
5.2;0.43808
5.3;0.438986
5.4;0.439918
5.5;0.440226
5.6;0.441328
5.7;0.442196
5.8;0.442108
5.9;0.442634
6;0.444107
6.1;0.444018
6.2;0.444273
6.3;0.44489
6.4;0.445397
6.5;0.445661
6.6;0.446136
6.7;0.446159
6.8;0.446678
6.9;0.446914
7;0.447137
7.1;0.447304
7.2;0.448431
7.3;0.448421
7.4;0.448491
7.5;0.448745
7.6;0.448862
7.7;0.448972
7.8;0.450369
7.9;0.449409
8;0.449926
8.1;0.44934
8.2;0.449378
8.3;0.450196
8.4;0.449841
8.5;0.450363
8.6;0.449948
8.7;0.450791
8.8;0.451465
8.9;0.450225
9;0.45154
9.1;0.450845
9.2;0.452764
9.3;0.450841
9.4;0.451323
9.5;0.450939
9.6;0.451282
9.7;0.451376
9.8;0.450121
9.9;0.449768
10;0.449976
10.1;0.450105
10.2;0.4499
10.3;0.449315
10.4;0.448818
10.5;0.448991
10.6;0.448874
10.7;0.448767
10.8;0.448541
10.9;0.448059
11;0.447559
11.1;0.447389
11.2;0.446826
11.3;0.446448
11.4;0.446335
11.5;0.445812
11.6;0.445545
11.7;0.445211
11.8;0.4449
11.9;0.444311
12;0.443839
12.1;0.443559
12.2;0.443068
12.3;0.442177
12.4;0.441696
12.5;0.441353
12.6;0.440069
12.7;0.440475
12.8;0.439033
12.9;0.438892
13;0.436767
13.1;0.436928
13.2;0.435436
13.3;0.435751
13.4;0.433277
13.5;0.432931
13.6;0.431924
13.7;0.431169
13.8;0.428547
13.9;0.428424
14;0.426417
14.1;0.426461
14.2;0.425303
14.3;0.424531
14.4;0.424003
14.5;0.422747
14.6;0.421872
14.7;0.421133
14.8;0.419867
14.9;0.419096
15;0.418423
15.1;0.417608
15.2;0.417274
15.3;0.41666
15.4;0.416063
15.5;0.414445
15.6;0.415087
15.7;0.412959
15.8;0.413419
15.9;0.41279
16;0.412638
16.1;0.413293
16.2;0.414133
16.3;0.413803
16.4;0.413535
16.5;0.412812
16.6;0.412299
16.7;0.412469
16.8;0.411811
16.9;0.411704
17;0.411902
17.1;0.411169
17.2;0.411144
17.3;0.410948
17.4;0.410476
17.5;0.410388
17.6;0.410373
17.7;0.409973
17.8;0.410036
17.9;0.409715
