Lenlab red 7.0 Logger-Daten
Zeit;Kanal_1
0;0.492843
0.1;0.494284
0.2;0.495317
0.3;0.496645
0.4;0.497523
0.5;0.498328
0.6;0.49959
0.7;0.500937
0.8;0.502653
0.9;0.504182
1;0.50507
1.1;0.505847
1.2;0.507011
1.3;0.506533
1.4;0.508009
1.5;0.508604
1.6;0.509645
1.7;0.509881
1.8;0.510678
1.9;0.511235
2;0.511653
2.1;0.512324
2.2;0.511741
2.3;0.512387
2.4;0.512078
2.5;0.514193
2.6;0.512317
2.7;0.513164
2.8;0.513765
2.9;0.513778
3;0.513387
3.1;0.514448
3.2;0.513318
3.3;0.514744
3.4;0.515512
3.5;0.514665
3.6;0.516308
3.7;0.515679
3.8;0.516601
3.9;0.516072
4;0.516736
4.1;0.515515
4.2;0.515578
4.3;0.515071
4.4;0.514885
4.5;0.514854
4.6;0.514656
4.7;0.514256
4.8;0.514804
4.9;0.514102
5;0.514347
5.1;0.514269
5.2;0.513658
5.3;0.513243
5.4;0.512698
5.5;0.512047
5.6;0.511707
5.7;0.511213
5.8;0.511619
5.9;0.510511
6;0.510203
6.1;0.509155
6.2;0.508843
6.3;0.508217
6.4;0.508321
6.5;0.507405
6.6;0.506498
6.7;0.506114
6.8;0.505809
6.9;0.505114
7;0.504953
7.1;0.504176
7.2;0.503408
7.3;0.50292
7.4;0.502231
7.5;0.5019
7.6;0.500922
7.7;0.500264
7.8;0.499392
7.9;0.499005
8;0.498476
8.1;0.497315
8.2;0.496299
8.3;0.495981
8.4;0.494961
8.5;0.49435
8.6;0.493441
8.7;0.492789
8.8;0.492047
8.9;0.490983
9;0.490372
9.1;0.490209
9.2;0.489756
9.3;0.488761
9.4;0.488129
9.5;0.487109
9.6;0.487251
9.7;0.486763
9.8;0.486609
9.9;0.48535
10;0.484642
10.1;0.484157
10.2;0.483348
10.3;0.482823
10.4;0.482284
10.5;0.481696
10.6;0.481365
10.7;0.481082
10.8;0.481054
10.9;0.479084
11;0.479313
11.1;0.478936
11.2;0.47847
11.3;0.478149
11.4;0.476437
11.5;0.477158
11.6;0.477167
11.7;0.476645
11.8;0.475779
11.9;0.47566
12;0.474936
12.1;0.474693
12.2;0.474269
12.3;0.473494
12.4;0.473236
12.5;0.472764
12.6;0.472594
12.7;0.47205
12.8;0.472906
12.9;0.47295
13;0.473155
13.1;0.473066
13.2;0.472862
13.3;0.47227
13.4;0.471342
13.5;0.472062
13.6;0.472091
13.7;0.471685
13.8;0.472185
13.9;0.472874
14;0.473617
14.1;0.472415
14.2;0.473702
14.3;0.473866
14.4;0.47329
14.5;0.473532
14.6;0.473526
14.7;0.473104
14.8;0.474552
14.9;0.474992
15;0.475049
15.1;0.475282
15.2;0.475398
15.3;0.476141
15.4;0.476412
15.5;0.476755
15.6;0.476985
15.7;0.47724
15.8;0.4774
15.9;0.477523
16;0.477954
16.1;0.478313
16.2;0.478395
16.3;0.47876
16.4;0.479313
16.5;0.479814
16.6;0.479505
16.7;0.480248
16.8;0.481265
16.9;0.481963
17;0.482901
17.1;0.482904
17.2;0.484368
17.3;0.484956
17.4;0.486439
17.5;0.48631
17.6;0.48693
17.7;0.487502
17.8;0.487996
17.9;0.489995
18;0.489372
18.1;0.489825
18.2;0.491144
18.3;0.491128
18.4;0.491754
18.5;0.492428
18.6;0.49369
18.7;0.495471
18.8;0.496988
18.9;0.499232
19;0.500066
