Lenlab red 7.0 Logger-Daten
Zeit;Kanal_1
0;0.580047
0.1;0.5805
0.2;0.580075
0.3;0.579351
0.4;0.578961
0.5;0.578051
0.6;0.577598
0.7;0.577359
0.8;0.576163
0.9;0.575732
1;0.573837
1.1;0.574284
1.2;0.572767
1.3;0.572053
1.4;0.571345
1.5;0.569759
1.6;0.569095
1.7;0.568248
1.8;0.566363
1.9;0.566174
2;0.565069
2.1;0.562832
2.2;0.561051
2.3;0.560569
2.4;0.559002
2.5;0.558155
2.6;0.556468
2.7;0.55498
2.8;0.553721
2.9;0.552427
3;0.551203
3.1;0.548956
3.2;0.547335
3.3;0.545532
3.4;0.545199
3.5;0.543531
3.6;0.542328
3.7;0.54073
3.8;0.539483
3.9;0.538621
4;0.537863
4.1;0.535962
4.2;0.535036
4.3;0.533774
4.4;0.53328
4.5;0.532827
4.6;0.531361
4.7;0.530536
4.8;0.529819
4.9;0.529003
5;0.52794
5.1;0.528018
5.2;0.526527
5.3;0.525368
5.4;0.524981
5.5;0.524446
5.6;0.524204
5.7;0.523571
5.8;0.524887
5.9;0.519704
6;0.523587
6.1;0.520528
6.2;0.522605
6.3;0.519949
6.4;0.520827
6.5;0.519773
6.6;0.520994
6.7;0.520833
6.8;0.521085
6.9;0.521636
7;0.520509
7.1;0.522026
7.2;0.522265
7.3;0.523719
7.4;0.52342
7.5;0.523984
7.6;0.523974
7.7;0.525183
7.8;0.525397
7.9;0.526527
8;0.527644
8.1;0.52912
8.2;0.527751
8.3;0.529532
8.4;0.530917
8.5;0.531959
8.6;0.533224
8.7;0.533542
8.8;0.533435
8.9;0.535036
9;0.535502
9.1;0.536333
9.2;0.537224
9.3;0.538344
9.4;0.537815
9.5;0.540468
9.6;0.541589
9.7;0.543773
9.8;0.544295
9.9;0.546338
10;0.54754
10.1;0.548909
10.2;0.55013
10.3;0.550929
10.4;0.553413
10.5;0.554199
10.6;0.557526
10.7;0.557948
10.8;0.559531
10.9;0.559518
11;0.562331
11.1;0.564985
11.2;0.56732
11.3;0.567103
11.4;0.570335
11.5;0.571159
11.6;0.57329
11.7;0.572821
11.8;0.574807
11.9;0.575792
12;0.575817
12.1;0.576522
12.2;0.577302
12.3;0.577365
12.4;0.577038
12.5;0.575987
12.6;0.576317
12.7;0.576276
12.8;0.576959
12.9;0.577837
13;0.577195
13.1;0.578656
13.2;0.577784
13.3;0.579354
13.4;0.578347
13.5;0.578313
13.6;0.578281
13.7;0.579181
13.8;0.578303
13.9;0.579524
14;0.578265
14.1;0.578564
14.2;0.578281
14.3;0.578294
14.4;0.578168
14.5;0.578055
14.6;0.578042
14.7;0.577711
14.8;0.576994
14.9;0.576764
15;0.576295
15.1;0.575697
15.2;0.575732
15.3;0.574797
15.4;0.574766
15.5;0.574385
15.6;0.573822
15.7;0.57374
15.8;0.572632
15.9;0.572421
16;0.571751
16.1;0.571924
16.2;0.570514
16.3;0.570423
16.4;0.56935
16.5;0.569013
16.6;0.56883
16.7;0.568072
16.8;0.567493
16.9;0.56551
17;0.564994
17.1;0.564229
17.2;0.563628
17.3;0.560512
17.4;0.559962
17.5;0.559707
17.6;0.557774
17.7;0.556368
17.8;0.554668
17.9;0.553472
18;0.551704
18.1;0.550237
18.2;0.5512
18.3;0.548497
18.4;0.547688
18.5;0.547065
18.6;0.54624
18.7;0.545041
18.8;0.544311
18.9;0.543603
19;0.54281
19.1;0.542174
19.2;0.540859
19.3;0.540097
19.4;0.539052
19.5;0.538291
19.6;0.537674
19.7;0.537302
19.8;0.536062
19.9;0.535128
20;0.534486
20.1;0.533372
20.2;0.532402
