Lenlab red 7.0 Logger-Daten
Zeit;Kanal_1
0;0.0707002
0.1;0.0713705
0.2;0.0713013
0.3;0.0710275
0.4;0.0709771
0.5;0.0712541
0.6;0.0711093
0.7;0.0712887
0.8;0.0704862
0.9;0.0705397
1;0.0713296
1.1;0.0714051
1.2;0.0716065
1.3;0.0709834
1.4;0.0713579
1.5;0.0712163
1.6;0.0708638
1.7;0.0712729
1.8;0.0710369
1.9;0.0711124
2;0.0709205
2.1;0.0715908
2.2;0.070697
2.3;0.0705869
2.4;0.0710873
2.5;0.0714995
2.6;0.0722423
2.7;0.0709897
2.8;0.0709551
2.9;0.0711596
3;0.0710526
3.1;0.0710149
3.2;0.0710432
3.3;0.0712194
3.4;0.0710086
3.5;0.071081
3.6;0.0709456
3.7;0.0705711
3.8;0.0708355
3.9;0.070653
4;0.0720094
4.1;0.0715153
4.2;0.0712761
4.3;0.0711848
4.4;0.0716002
4.5;0.0714901
4.6;0.0714177
4.7;0.0713642
4.8;0.0712855
4.9;0.0710999
5;0.0713957
5.1;0.0711282
5.2;0.0710369
5.3;0.0710086
5.4;0.0710967
5.5;0.0710338
5.6;0.0710054
5.7;0.0714272
5.8;0.0713233
5.9;0.0716537
6;0.0712415
6.1;0.0710747
6.2;0.07121
6.3;0.0711911
6.4;0.0712729
6.5;0.0707096
6.6;0.07121
6.7;0.0710117
6.8;0.0712163
6.9;0.0709488
7;0.0707191
7.1;0.0709803
7.2;0.0712667
7.3;0.0712132
7.4;0.0706593
7.5;0.070996
7.6;0.0708512
7.7;0.0707222
7.8;0.0707663
7.9;0.0706844
8;0.0702785
8.1;0.0710464
8.2;0.0715153
8.3;0.0711974
8.4;0.0710401
8.5;0.0718961
8.6;0.0714618
8.7;0.0715499
8.8;0.071915
8.9;0.0717891
9;0.0716412
9.1;0.0716537
9.2;0.0716663
9.3;0.0715184
9.4;0.0710999
9.5;0.0717387
9.6;0.0716317
9.7;0.0712132
9.8;0.0712729
9.9;0.0715467
10;0.0714681
10.1;0.0715373
10.2;0.0711534
10.3;0.0714964
10.4;0.0715845
10.5;0.0715593
10.6;0.0712667
10.7;0.0713296
10.8;0.0715247
10.9;0.0712006
11;0.0718646
11.1;0.0712604
11.2;0.0715027
11.3;0.0712824
11.4;0.0716065
11.5;0.0714397
11.6;0.0714838
11.7;0.0712572
11.8;0.0714775
11.9;0.0713988
12;0.0713013
12.1;0.0711628
12.2;0.0711345
12.3;0.0711408
12.4;0.0706593
12.5;0.0707222
12.6;0.0705428
12.7;0.0699858
12.8;0.0704736
12.9;0.0706781
13;0.070675
13.1;0.0705365
13.2;0.0706435
13.3;0.070612
13.4;0.0709205
13.5;0.0706026
13.6;0.0703194
13.7;0.0699763
13.8;0.0702218
13.9;0.0703036
14;0.0710212
14.1;0.071018
14.2;0.0708921
14.3;0.0710338
14.4;0.0710526
14.5;0.070867
14.6;0.0704232
14.7;0.0706404
14.8;0.0710149
14.9;0.0707379
15;0.0708984
15.1;0.0707851
15.2;0.0707253
15.3;0.0707757
15.4;0.0708607
15.5;0.0704201
15.6;0.0704421
15.7;0.0705302
15.8;0.0703666
15.9;0.0706939
16;0.0706939
16.1;0.0704956
16.2;0.0706089
16.3;0.0706152
16.4;0.0701557
16.5;0.0700047
16.6;0.0695357
16.7;0.0701148
16.8;0.0715688
16.9;0.0702973
17;0.0704956
17.1;0.0704421
17.2;0.070332
17.3;0.0704043
17.4;0.0705239
17.5;0.0702092
17.6;0.0701935
17.7;0.0702659
17.8;0.0699637
17.9;0.0695231
18;0.0700298
18.1;0.0702281
18.2;0.0707285
18.3;0.0702973
18.4;0.0701809
18.5;0.0705302
18.6;0.0702029
18.7;0.0700802
18.8;0.0700172
18.9;0.0697749
19;0.0702816
19.1;0.0704106
19.2;0.0700141
19.3;0.069712
19.4;0.0707568
