Lenlab red 7.0 Logger-Daten
Zeit;Kanal_1
0;0.613236
0.1;0.612415
0.2;0.611571
0.3;0.60985
0.4;0.609944
0.5;0.60833
0.6;0.607553
0.7;0.606089
0.8;0.604975
0.9;0.603921
1;0.603052
1.1;0.602102
1.2;0.601299
1.3;0.600437
1.4;0.599669
1.5;0.598813
1.6;0.597513
1.7;0.59644
1.8;0.596708
1.9;0.59537
2;0.595005
2.1;0.594026
2.2;0.593598
2.3;0.592028
2.4;0.590781
2.5;0.590523
2.6;0.589598
2.7;0.589343
2.8;0.588113
2.9;0.587474
3;0.587568
3.1;0.587228
3.2;0.587109
3.3;0.583675
3.4;0.586621
3.5;0.583055
3.6;0.584383
3.7;0.582379
3.8;0.58308
3.9;0.581296
4;0.582287
4.1;0.581129
4.2;0.582199
4.3;0.581283
4.4;0.580984
4.5;0.581453
4.6;0.581224
4.7;0.580604
4.8;0.580302
4.9;0.580365
5;0.580393
5.1;0.581331
5.2;0.580525
5.3;0.580462
5.4;0.580283
5.5;0.581101
5.6;0.580575
5.7;0.580777
5.8;0.58089
5.9;0.580484
6;0.581708
6.1;0.581998
6.2;0.581995
6.3;0.584226
6.4;0.584657
6.5;0.584453
6.6;0.585406
6.7;0.585394
6.8;0.58557
6.9;0.587329
7;0.588333
7.1;0.588774
7.2;0.590316
7.3;0.590341
7.4;0.590363
7.5;0.591713
7.6;0.592808
7.7;0.594514
7.8;0.596047
7.9;0.597321
8;0.598215
8.1;0.598659
8.2;0.599046
8.3;0.599194
8.4;0.599852
8.5;0.600371
8.6;0.601309
8.7;0.60174
8.8;0.602618
8.9;0.602781
9;0.604481
9.1;0.605919
9.2;0.606848
9.3;0.60753
9.4;0.608103
9.5;0.610007
9.6;0.610306
9.7;0.611376
9.8;0.612635
9.9;0.614429
10;0.615499
10.1;0.615899
10.2;0.616701
10.3;0.618372
10.4;0.619354
10.5;0.620843
10.6;0.619685
10.7;0.61932
10.8;0.620368
10.9;0.621394
11;0.622221
11.1;0.623024
11.2;0.623823
11.3;0.62573
11.4;0.62698
11.5;0.627515
11.6;0.628597
11.7;0.629434
11.8;0.629419
11.9;0.630671
12;0.631751
12.1;0.631845
12.2;0.632582
12.3;0.632811
12.4;0.633334
12.5;0.633305
12.6;0.634127
12.7;0.633727
12.8;0.633995
12.9;0.634448
13;0.63638
13.1;0.635269
13.2;0.637145
13.3;0.635921
13.4;0.637834
13.5;0.6365
13.6;0.637998
13.7;0.637158
13.8;0.636648
13.9;0.637447
14;0.638737
14.1;0.637796
14.2;0.638099
14.3;0.638237
14.4;0.639669
14.5;0.637907
14.6;0.638501
14.7;0.638023
14.8;0.638536
14.9;0.638388
15;0.637869
15.1;0.637985
15.2;0.637727
15.3;0.63807
15.4;0.638004
15.5;0.637752
15.6;0.637652
15.7;0.637356
15.8;0.637029
15.9;0.637164
16;0.637271
16.1;0.636758
16.2;0.636796
16.3;0.635905
16.4;0.635543
16.5;0.6356
16.6;0.635213
16.7;0.634756
16.8;0.634696
16.9;0.634473
17;0.634558
17.1;0.634637
17.2;0.634294
17.3;0.634712
17.4;0.6339
17.5;0.633784
17.6;0.633198
17.7;0.633016
17.8;0.632091
17.9;0.633154
18;0.632059
18.1;0.633271
18.2;0.631518
18.3;0.632336
18.4;0.63075
18.5;0.631392
18.6;0.630017
18.7;0.630552
18.8;0.629759
18.9;0.629702
19;0.629548
19.1;0.62833
19.2;0.628138
19.3;0.62777
19.4;0.627924
19.5;0.626895
19.6;0.626492
19.7;0.625346
19.8;0.626287
19.9;0.625073
20;0.624503
20.1;0.624103
20.2;0.623401
20.3;0.622479
20.4;0.622593
20.5;0.622265
