Lenlab red 7.0 Logger-Daten
Zeit;Kanal_1
0;0.593973
0.1;0.594627
0.2;0.59408
0.3;0.594674
0.4;0.594483
0.5;0.595024
0.6;0.595197
0.7;0.596031
0.8;0.595943
0.9;0.59542
1;0.595194
1.1;0.595276
1.2;0.594942
1.3;0.594914
1.4;0.594822
1.5;0.593529
1.6;0.600204
1.7;0.599946
1.8;0.59954
1.9;0.599874
2;0.599515
2.1;0.599351
2.2;0.599096
2.3;0.598778
2.4;0.599109
2.5;0.598313
2.6;0.595899
2.7;0.595867
2.8;0.597812
2.9;0.597689
3;0.597186
3.1;0.598464
3.2;0.599373
3.3;0.599219
3.4;0.599392
3.5;0.598719
3.6;0.599011
3.7;0.599058
3.8;0.599225
3.9;0.599024
4;0.598832
4.1;0.5974
4.2;0.598136
4.3;0.598448
4.4;0.599323
4.5;0.599323
4.6;0.599134
4.7;0.599452
4.8;0.599578
4.9;0.598973
5;0.59954
5.1;0.599348
5.2;0.599294
5.3;0.599483
5.4;0.599597
5.5;0.599638
5.6;0.600182
5.7;0.600597
5.8;0.599968
5.9;0.599452
6;0.599638
6.1;0.59994
6.2;0.601101
6.3;0.600607
6.4;0.600248
6.5;0.598961
6.6;0.596103
6.7;0.595187
6.8;0.594545
6.9;0.595578
7;0.595779
7.1;0.59537
7.2;0.595386
7.3;0.595468
7.4;0.596481
7.5;0.596185
7.6;0.597324
7.7;0.597132
7.8;0.597406
7.9;0.597315
8;0.598124
8.1;0.597888
8.2;0.59779
8.3;0.598366
8.4;0.598901
8.5;0.599433
8.6;0.599892
8.7;0.600157
8.8;0.601025
8.9;0.604456
9;0.603754
9.1;0.601274
9.2;0.601302
9.3;0.601746
9.4;0.602577
9.5;0.603106
9.6;0.604179
9.7;0.603826
9.8;0.605003
9.9;0.605321
10;0.606567
10.1;0.607276
10.2;0.608821
10.3;0.608962
10.4;0.609208
10.5;0.610253
10.6;0.611373
10.7;0.612072
10.8;0.613324
10.9;0.61384
11;0.614621
11.1;0.615276
11.2;0.616106
11.3;0.616931
11.4;0.618051
11.5;0.619471
11.6;0.620396
11.7;0.62128
11.8;0.621888
11.9;0.623181
12;0.623785
12.1;0.624135
12.2;0.624405
12.3;0.62517
12.4;0.625592
12.5;0.62613
12.6;0.628188
12.7;0.628994
12.8;0.629828
12.9;0.630032
13;0.634168
13.1;0.634099
13.2;0.633664
13.3;0.633224
13.4;0.632991
13.5;0.633837
13.6;0.634844
13.7;0.634756
13.8;0.635609
13.9;0.635556
14;0.63616
14.1;0.636327
14.2;0.637183
14.3;0.637995
14.4;0.638813
14.5;0.639452
14.6;0.639738
14.7;0.641136
14.8;0.642099
14.9;0.64304
15;0.643773
15.1;0.644172
15.2;0.644056
15.3;0.64669
15.4;0.646234
15.5;0.647782
15.6;0.649765
15.7;0.650338
15.8;0.644368
15.9;0.64754
16;0.645142
16.1;0.647559
16.2;0.647206
16.3;0.645969
16.4;0.64726
16.5;0.64872
16.6;0.6508
16.7;0.65091
16.8;0.65108
16.9;0.651546
17;0.651241
17.1;0.651316
17.2;0.650992
17.3;0.652374
17.4;0.653032
17.5;0.652859
17.6;0.651508
17.7;0.651512
17.8;0.651776
17.9;0.651735
18;0.652003
18.1;0.651974
18.2;0.652324
18.3;0.652371
18.4;0.651584
