Lenlab red 7.0 Logger-Daten
Zeit;Kanal_1
0;0.095959
0.1;0.0961761
0.2;0.0957481
0.3;0.0952666
0.4;0.0963902
0.5;0.0960408
0.6;0.0957953
0.7;0.0959747
0.8;0.0957293
0.9;0.0962769
1;0.0956946
1.1;0.0960156
1.2;0.0958331
1.3;0.0959307
1.4;0.095361
1.5;0.0951124
1.6;0.0951817
1.7;0.0958866
1.8;0.0965916
1.9;0.095682
2;0.0955625
2.1;0.0955845
2.2;0.0955562
2.3;0.0950243
2.4;0.0949425
2.5;0.0947411
2.6;0.0954555
2.7;0.0950621
2.8;0.0951313
2.9;0.0948386
3;0.0954082
3.1;0.094933
3.2;0.095147
3.3;0.0938347
3.4;0.0946624
3.5;0.0947568
3.6;0.0951093
3.7;0.0948323
3.8;0.0947316
3.9;0.0948827
4;0.0943288
4.1;0.0946844
4.2;0.0943068
4.3;0.0945491
4.4;0.0949393
4.5;0.0945239
4.6;0.0943005
4.7;0.0937969
4.8;0.0942627
4.9;0.0941431
5;0.0944232
5.1;0.0944956
5.2;0.0942438
5.3;0.094206
5.4;0.0945396
5.5;0.0945806
5.6;0.0943477
5.7;0.094826
5.8;0.0944201
5.9;0.0938882
6;0.0945774
6.1;0.0947883
6.2;0.0946183
6.3;0.0941714
6.4;0.0937812
6.5;0.0942092
6.6;0.0945554
6.7;0.0945145
6.8;0.0941872
6.9;0.0942533
7;0.094376
7.1;0.0946183
7.2;0.0941998
7.3;0.0939637
7.4;0.0940896
7.5;0.0943603
7.6;0.0943508
7.7;0.0942155
7.8;0.0942029
7.9;0.0947253
8;0.0947757
8.1;0.0949614
8.2;0.0947536
8.3;0.0946592
8.4;0.0946813
8.5;0.0950337
8.6;0.095254
8.7;0.0953453
8.8;0.0951596
8.9;0.0952068
9;0.095361
9.1;0.0958142
9.2;0.0951942
9.3;0.0950715
9.4;0.0952477
9.5;0.0950274
9.6;0.0954397
9.7;0.0952666
9.8;0.0949267
9.9;0.0956348
10;0.0953768
10.1;0.0950998
10.2;0.0951785
10.3;0.0953799
10.4;0.09504
10.5;0.094826
10.6;0.0948134
10.7;0.0955153
10.8;0.0953642
10.9;0.0955436
11;0.0955719
11.1;0.0959307
11.2;0.0957513
11.3;0.0957481
11.4;0.095616
11.5;0.0957072
11.6;0.0963492
11.7;0.0958898
11.8;0.0954995
11.9;0.0958961
12;0.0960691
12.1;0.0962013
12.2;0.0960723
12.3;0.0961415
12.4;0.0961982
12.5;0.0958457
12.6;0.0959653
12.7;0.0965538
12.8;0.0961919
12.9;0.0962108
13;0.0965979
13.1;0.0965758
13.2;0.0959873
13.3;0.095959
13.4;0.0962328
13.5;0.0966105
13.6;0.0966671
13.7;0.0965727
13.8;0.0963713
13.9;0.0966419
14;0.0965223
14.1;0.0968843
14.2;0.0967049
14.3;0.0968685
14.4;0.0971738
14.5;0.0968496
14.6;0.0974476
14.7;0.0970605
14.8;0.0969755
14.9;0.0971455
15;0.0970227
15.1;0.0977182
15.2;0.0977308
15.3;0.0974916
15.4;0.0979165
15.5;0.0979134
15.6;0.0976049
15.7;0.097863
15.8;0.0980613
15.9;0.0978221
16;0.0981683
16.1;0.0980959
16.2;0.0980833
16.3;0.0983665
16.4;0.0978536
16.5;0.0980424
16.6;0.0978913
16.7;0.0982816
16.8;0.098398
16.9;0.0983917
17;0.0986341
17.1;0.0985396
17.2;0.0986403
17.3;0.0983099
17.4;0.0991282
17.5;0.0990778
17.6;0.0988197
17.7;0.0986624
17.8;0.0986529
17.9;0.0990935
18;0.0990589
18.1;0.0991722
18.2;0.099446
18.3;0.0992729
18.4;0.099339
18.5;0.0994995
18.6;0.0994114
18.7;0.0992603
18.8;0.0992414
18.9;0.0997387
19;0.0996695
19.1;0.0996348
19.2;0.0998709
19.3;0.0996097
19.4;0.0999338
19.5;0.0995687
19.6;0.100003
19.7;0.0999338
19.8;0.0998583
19.9;0.100179
20;0.100085
20.1;0.100466
20.2;0.100126
20.3;0.100337
20.4;0.100488
20.5;0.100705
20.6;0.10067
