Lenlab red 7.0 Logger-Daten
Zeit;Kanal_1
0;0.890514
0.1;0.89402
0.2;0.894844
0.3;0.896084
0.4;0.897677
0.5;0.898438
0.6;0.89981
0.7;0.901047
0.8;0.903146
0.9;0.906158
1;0.909532
1.1;0.909085
1.2;0.911401
1.3;0.913878
1.4;0.914677
1.5;0.914832
1.6;0.918042
1.7;0.919725
1.8;0.920459
1.9;0.920707
2;0.921157
2.1;0.921378
2.2;0.921777
2.3;0.921793
2.4;0.922133
2.5;0.92223
2.6;0.922429
2.7;0.922567
2.8;0.922596
2.9;0.92336
3;0.92354
3.1;0.923892
3.2;0.923773
3.3;0.924078
3.4;0.92433
3.5;0.924515
3.6;0.924732
3.7;0.924786
3.8;0.925189
3.9;0.925201
4;0.925903
4.1;0.925576
4.2;0.926504
4.3;0.92702
4.4;0.92747
4.5;0.927628
4.6;0.927732
4.7;0.927735
4.8;0.92764
4.9;0.928477
5;0.928981
5.1;0.928805
5.2;0.929359
5.3;0.928518
5.4;0.92788
5.5;0.927791
5.6;0.927927
5.7;0.928175
5.8;0.92753
5.9;0.926466
6;0.927392
6.1;0.926995
6.2;0.927247
6.3;0.926728
6.4;0.926718
6.5;0.926476
6.6;0.925765
6.7;0.925935
6.8;0.925097
6.9;0.924638
7;0.925085
7.1;0.924493
7.2;0.925573
7.3;0.924956
7.4;0.924704
7.5;0.923983
7.6;0.923854
7.7;0.923738
7.8;0.923338
7.9;0.923417
8;0.923244
8.1;0.922517
8.2;0.92212
8.3;0.921368
8.4;0.920776
8.5;0.919798
8.6;0.918967
8.7;0.918703
8.8;0.917645
8.9;0.916512
9;0.916304
9.1;0.914391
9.2;0.914426
9.3;0.912821
9.4;0.910728
9.5;0.909356
9.6;0.907983
9.7;0.907307
9.8;0.905466
9.9;0.904374
10;0.903354
10.1;0.901991
10.2;0.900968
10.3;0.899603
10.4;0.897736
10.5;0.896616
10.6;0.895675
10.7;0.894885
10.8;0.891839
10.9;0.891568
11;0.890797
11.1;0.889318
11.2;0.888377
11.3;0.887316
11.4;0.88585
11.5;0.885066
11.6;0.884625
11.7;0.882079
11.8;0.880906
11.9;0.880046
12;0.878404
12.1;0.87689
12.2;0.875599
12.3;0.873793
12.4;0.87378
12.5;0.872506
12.6;0.87153
12.7;0.870422
12.8;0.869415
12.9;0.86878
13;0.86685
13.1;0.866205
13.2;0.864761
13.3;0.863005
13.4;0.8615
13.5;0.860213
13.6;0.858599
13.7;0.858092
13.8;0.857277
13.9;0.856254
14;0.85559
14.1;0.855285
14.2;0.854127
14.3;0.853862
14.4;0.852314
14.5;0.852559
14.6;0.851653
14.7;0.851713
14.8;0.851178
14.9;0.850794
15;0.849872
15.1;0.849016
15.2;0.847442
15.3;0.846935
15.4;0.846888
15.5;0.84607
15.6;0.846076
15.7;0.845201
15.8;0.844182
15.9;0.839933
16;0.842108
16.1;0.840374
16.2;0.839898
16.3;0.839272
16.4;0.83982
16.5;0.838086
16.6;0.839065
16.7;0.839002
16.8;0.838196
16.9;0.838382
17;0.837963
17.1;0.838067
17.2;0.838567
17.3;0.837724
17.4;0.83903
17.5;0.838168
17.6;0.837982
17.7;0.836736
17.8;0.83829
17.9;0.83751
18;0.839118
18.1;0.839244
18.2;0.83891
18.3;0.838624
18.4;0.839502
18.5;0.840072
18.6;0.84055
18.7;0.838577
