Lenlab red 7.0 Logger-Daten
Zeit;Kanal_1
0;1.07859
0.1;1.08177
0.2;1.08192
0.3;1.08325
0.4;1.08365
0.5;1.08504
0.6;1.087
0.7;1.08762
0.8;1.08843
0.9;1.08787
1;1.08996
1.1;1.0896
1.2;1.09067
1.3;1.09203
1.4;1.0929
1.5;1.09305
1.6;1.09423
1.7;1.09712
1.8;1.09855
1.9;1.10128
2;1.10218
2.1;1.10384
2.2;1.10486
2.3;1.10607
2.4;1.10585
2.5;1.10736
2.6;1.10641
2.7;1.10801
2.8;1.10952
2.9;1.10908
3;1.11069
3.1;1.11098
3.2;1.11178
3.3;1.1136
3.4;1.11309
3.5;1.11466
3.6;1.11561
3.7;1.11688
3.8;1.11784
3.9;1.1178
4;1.11964
4.1;1.12126
4.2;1.12273
4.3;1.1247
4.4;1.12481
4.5;1.12644
4.6;1.12773
4.7;1.1301
4.8;1.1297
4.9;1.13215
5;1.13269
5.1;1.13368
5.2;1.13648
5.3;1.13727
5.4;1.1391
5.5;1.14046
5.6;1.1421
5.7;1.14369
5.8;1.1452
5.9;1.14637
6;1.14791
6.1;1.14934
6.2;1.15018
6.3;1.15197
6.4;1.15318
6.5;1.1543
6.6;1.15641
6.7;1.15692
6.8;1.15942
6.9;1.16116
7;1.16307
7.1;1.16346
7.2;1.16538
7.3;1.16451
7.4;1.16734
7.5;1.16848
7.6;1.16934
7.7;1.17079
7.8;1.17257
7.9;1.17247
8;1.17326
8.1;1.17403
8.2;1.17454
8.3;1.17469
8.4;1.1757
8.5;1.17518
8.6;1.17593
8.7;1.17693
8.8;1.177
8.9;1.17814
9;1.17678
9.1;1.17734
9.2;1.17749
9.3;1.17949
9.4;1.17785
9.5;1.17926
9.6;1.17787
9.7;1.17891
9.8;1.17843
9.9;1.17945
10;1.17843
10.1;1.17957
10.2;1.17833
10.3;1.17798
10.4;1.17878
10.5;1.1776
10.6;1.17801
10.7;1.17791
10.8;1.17761
10.9;1.17694
11;1.17747
11.1;1.17705
11.2;1.17665
11.3;1.17678
11.4;1.17565
11.5;1.17457
11.6;1.1748
11.7;1.1733
11.8;1.1734
11.9;1.17371
12;1.17273
12.1;1.17208
12.2;1.17138
12.3;1.17011
12.4;1.16945
12.5;1.16787
12.6;1.16856
12.7;1.16741
12.8;1.16611
12.9;1.16587
13;1.16434
13.1;1.16357
13.2;1.16381
13.3;1.16328
13.4;1.16096
13.5;1.15953
13.6;1.15913
13.7;1.1571
13.8;1.15587
13.9;1.15477
14;1.15376
14.1;1.15138
14.2;1.1492
14.3;1.14766
14.4;1.14676
14.5;1.14455
14.6;1.14287
14.7;1.14214
14.8;1.14099
14.9;1.14035
15;1.13923
15.1;1.13821
15.2;1.13669
15.3;1.13615
15.4;1.13384
15.5;1.13218
15.6;1.13157
15.7;1.13004
15.8;1.12933
15.9;1.12751
16;1.1261
16.1;1.12505
16.2;1.12395
16.3;1.12069
16.4;1.11898
16.5;1.11796
16.6;1.11616
16.7;1.11488
16.8;1.11386
16.9;1.11187
17;1.11049
17.1;1.1092
17.2;1.10773
17.3;1.1069
17.4;1.1049
17.5;1.10384
17.6;1.103
17.7;1.10157
17.8;1.10008
17.9;1.10026
18;1.09924
18.1;1.09816
18.2;1.09669
18.3;1.09636
18.4;1.0943
18.5;1.09365
18.6;1.09237
18.7;1.0908
18.8;1.09081
18.9;1.08956
19;1.08803
19.1;1.08705
19.2;1.08601
19.3;1.08547
19.4;1.08438
19.5;1.08277
19.6;1.08185
19.7;1.08101
19.8;1.0797
