Lenlab red 7.0 Logger-Daten
Zeit;Kanal_1
0;0.145501
0.1;0.145709
0.2;0.145089
0.3;0.145303
0.4;0.144645
0.5;0.142643
0.6;0.14271
0.7;0.144758
0.8;0.144151
0.9;0.143572
1;0.143588
1.1;0.14344
1.2;0.14299
1.3;0.142867
1.4;0.142297
1.5;0.142288
1.6;0.14197
1.7;0.139484
1.8;0.139927
1.9;0.139836
2;0.140809
2.1;0.139437
2.2;0.138363
2.3;0.139713
2.4;0.138766
2.5;0.138489
2.6;0.138502
2.7;0.137891
2.8;0.138222
2.9;0.137872
3;0.137983
3.1;0.137435
3.2;0.136891
3.3;0.137004
3.4;0.136821
3.5;0.136761
3.6;0.136739
3.7;0.136236
3.8;0.136119
3.9;0.135669
4;0.135915
4.1;0.135484
4.2;0.135204
4.3;0.135528
4.4;0.135024
4.5;0.135112
4.6;0.135921
4.7;0.13595
4.8;0.135695
4.9;0.135358
5;0.135131
5.1;0.135125
5.2;0.135018
5.3;0.134694
5.4;0.134883
5.5;0.13419
5.6;0.13498
5.7;0.13482
5.8;0.135503
5.9;0.135556
6;0.135613
6.1;0.135827
6.2;0.13537
6.3;0.135348
6.4;0.135506
6.5;0.135704
6.6;0.136066
6.7;0.135987
6.8;0.135418
6.9;0.135962
7;0.137394
7.1;0.136349
7.2;0.136255
7.3;0.136592
7.4;0.1364
7.5;0.136453
7.6;0.136891
7.7;0.137042
7.8;0.137234
7.9;0.137127
8;0.137441
8.1;0.137769
8.2;0.137004
8.3;0.137709
8.4;0.137583
8.5;0.137526
8.6;0.13826
8.7;0.138769
8.8;0.138568
8.9;0.1387
9;0.139037
9.1;0.138423
9.2;0.139109
9.3;0.138747
9.4;0.139197
9.5;0.139531
9.6;0.140239
9.7;0.14061
9.8;0.140258
9.9;0.140714
10;0.140875
10.1;0.141171
10.2;0.140809
10.3;0.140894
10.4;0.141394
10.5;0.141353
10.6;0.142237
10.7;0.142253
10.8;0.142876
10.9;0.143396
11;0.14333
11.1;0.143927
11.2;0.143732
11.3;0.143342
11.4;0.14395
11.5;0.144368
11.6;0.14468
11.7;0.144755
11.8;0.145189
11.9;0.144975
12;0.145001
12.1;0.145441
12.2;0.145589
12.3;0.145517
12.4;0.145614
12.5;0.145986
12.6;0.146423
12.7;0.146596
12.8;0.146329
12.9;0.146549
13;0.146417
13.1;0.146902
13.2;0.146772
13.3;0.146615
13.4;0.147273
13.5;0.147493
13.6;0.147377
13.7;0.147462
13.8;0.147902
13.9;0.147934
14;0.147251
14.1;0.14771
14.2;0.14861
14.3;0.147811
14.4;0.149592
14.5;0.148113
14.6;0.14822
14.7;0.14806
14.8;0.148053
14.9;0.148082
15;0.147953
15.1;0.150074
15.2;0.150099
15.3;0.150096
15.4;0.149819
15.5;0.149778
15.6;0.14985
15.7;0.149662
15.8;0.150209
15.9;0.150297
16;0.150175
16.1;0.150222
16.2;0.150137
16.3;0.150473
16.4;0.150203
16.5;0.149866
16.6;0.14912
16.7;0.148453
16.8;0.14799
16.9;0.147855
17;0.147374
17.1;0.147679
17.2;0.147053
17.3;0.147392
17.4;0.147509
17.5;0.147128
17.6;0.147314
17.7;0.147421
17.8;0.147207
17.9;0.147207
18;0.147226
18.1;0.146788
18.2;0.14861
18.3;0.148818
18.4;0.148935
18.5;0.148488
18.6;0.148324
18.7;0.148787
18.8;0.148406
18.9;0.148488
19;0.148085
19.1;0.148079
19.2;0.147953
19.3;0.147506
19.4;0.147537
19.5;0.147389
19.6;0.144053
19.7;0.143414
19.8;0.146876
19.9;0.147399
20;0.147525
20.1;0.147805
