Lenlab red 7.0 Logger-Daten
Zeit;Kanal_1
0;1.32262
0.1;1.32318
0.2;1.32196
0.3;1.32046
0.4;1.32024
0.5;1.32023
0.6;1.31957
0.7;1.31749
0.8;1.31666
0.9;1.31589
1;1.31435
1.1;1.31309
1.2;1.31158
1.3;1.31126
1.4;1.30964
1.5;1.30928
1.6;1.30989
1.7;1.30821
1.8;1.30649
1.9;1.30663
2;1.30457
2.1;1.30433
2.2;1.30486
2.3;1.30305
2.4;1.30215
2.5;1.30115
2.6;1.29924
2.7;1.29849
2.8;1.29738
2.9;1.29623
3;1.29528
3.1;1.29332
3.2;1.29422
3.3;1.29321
3.4;1.29163
3.5;1.29103
3.6;1.29027
3.7;1.29003
3.8;1.2893
3.9;1.29007
4;1.28925
4.1;1.28901
4.2;1.28942
4.3;1.28954
4.4;1.28807
4.5;1.28793
4.6;1.28806
4.7;1.28729
4.8;1.28665
4.9;1.28575
5;1.28558
5.1;1.28592
5.2;1.28477
5.3;1.28548
5.4;1.28487
5.5;1.28481
5.6;1.28436
5.7;1.28451
5.8;1.28418
5.9;1.28418
6;1.28459
6.1;1.28454
6.2;1.2846
6.3;1.28443
6.4;1.28435
6.5;1.2844
6.6;1.2856
6.7;1.28502
6.8;1.28496
6.9;1.2853
7;1.28551
7.1;1.28549
7.2;1.28588
7.3;1.2858
7.4;1.28596
7.5;1.28581
7.6;1.28622
7.7;1.28587
7.8;1.28632
7.9;1.28619
8;1.28564
8.1;1.28582
8.2;1.28638
8.3;1.28595
8.4;1.28606
8.5;1.28582
8.6;1.28632
8.7;1.28584
8.8;1.28514
8.9;1.28547
9;1.28555
9.1;1.28575
9.2;1.28619
9.3;1.28619
9.4;1.28693
9.5;1.28673
9.6;1.28736
9.7;1.28789
9.8;1.28887
9.9;1.29067
10;1.29291
10.1;1.29242
10.2;1.29281
10.3;1.29405
10.4;1.29388
10.5;1.29448
10.6;1.29315
10.7;1.29214
10.8;1.29302
10.9;1.29259
11;1.29414
11.1;1.2946
11.2;1.2962
11.3;1.29617
11.4;1.29659
11.5;1.30006
11.6;1.30155
11.7;1.30264
11.8;1.30328
11.9;1.3044
12;1.30314
12.1;1.3032
12.2;1.30648
12.3;1.3069
12.4;1.30793
12.5;1.30736
12.6;1.30919
12.7;1.31106
12.8;1.31095
12.9;1.31298
13;1.31421
13.1;1.31488
13.2;1.31575
13.3;1.31607
13.4;1.31711
13.5;1.31709
13.6;1.31763
13.7;1.31801
13.8;1.31819
13.9;1.3189
14;1.31928
14.1;1.31951
14.2;1.32008
14.3;1.32045
14.4;1.32244
14.5;1.32373
14.6;1.32463
14.7;1.32369
14.8;1.32449
14.9;1.3262
15;1.32713
15.1;1.32784
15.2;1.32879
15.3;1.3289
15.4;1.33089
15.5;1.33171
15.6;1.33376
15.7;1.33451
15.8;1.33556
15.9;1.33695
16;1.33785
16.1;1.33802
16.2;1.34042
16.3;1.34155
16.4;1.3421
16.5;1.34438
16.6;1.34494
16.7;1.34654
16.8;1.34755
16.9;1.34948
17;1.35087
17.1;1.35195
17.2;1.35354
17.3;1.35493
17.4;1.3559
17.5;1.35871
17.6;1.35857
17.7;1.35963
17.8;1.36112
17.9;1.36248
18;1.36566
18.1;1.36707
18.2;1.36847
18.3;1.37058
18.4;1.37155
18.5;1.37302
18.6;1.37515
18.7;1.37637
18.8;1.37698
18.9;1.37838
19;1.37906
19.1;1.38019
19.2;1.38145
19.3;1.38283
19.4;1.38419
19.5;1.38494
19.6;1.38651
19.7;1.38816
19.8;1.38905
19.9;1.38961
20;1.39037
20.1;1.39174
20.2;1.39255
20.3;1.3933
20.4;1.39448
20.5;1.39396
20.6;1.39684
