Lenlab red 7.0 Logger-Daten
Zeit;Kanal_1
0;0.205617
0.1;0.205916
0.2;0.205627
0.3;0.205444
0.4;0.20535
0.5;0.205007
0.6;0.205271
0.7;0.204796
0.8;0.205117
0.9;0.204425
1;0.204371
1.1;0.204519
1.2;0.204167
1.3;0.204082
1.4;0.203962
1.5;0.203663
1.6;0.203695
1.7;0.203594
1.8;0.203194
1.9;0.202977
2;0.202788
2.1;0.202363
2.2;0.202536
2.3;0.201938
2.4;0.20237
2.5;0.202206
2.6;0.202259
2.7;0.201806
2.8;0.201778
2.9;0.20157
3;0.201532
3.1;0.201067
3.2;0.200881
3.3;0.201334
3.4;0.200447
3.5;0.200532
3.6;0.200878
3.7;0.200406
3.8;0.200403
3.9;0.19982
4;0.200006
4.1;0.199695
4.2;0.199062
4.3;0.199329
4.4;0.198744
4.5;0.199402
4.6;0.199364
4.7;0.200185
4.8;0.199852
4.9;0.199792
5;0.200116
5.1;0.200012
5.2;0.200318
5.3;0.200028
5.4;0.200028
5.5;0.202008
5.6;0.200135
5.7;0.200063
5.8;0.200828
5.9;0.200906
6;0.201092
6.1;0.200802
6.2;0.200456
6.3;0.200787
6.4;0.200447
6.5;0.200484
6.6;0.201042
6.7;0.201274
6.8;0.200897
6.9;0.201485
7;0.201488
7.1;0.201441
7.2;0.201315
7.3;0.201844
7.4;0.201595
7.5;0.20152
7.6;0.202433
7.7;0.201803
7.8;0.202064
7.9;0.202124
8;0.202304
8.1;0.202662
8.2;0.202681
8.3;0.202898
8.4;0.203115
8.5;0.203222
8.6;0.20344
8.7;0.203842
8.8;0.20378
8.9;0.204185
9;0.204456
9.1;0.20467
9.2;0.20467
9.3;0.204733
9.4;0.205155
9.5;0.205208
9.6;0.205916
9.7;0.205614
9.8;0.206392
9.9;0.205803
10;0.206848
10.1;0.206395
10.2;0.207216
10.3;0.207131
10.4;0.207723
10.5;0.20799
10.6;0.207909
10.7;0.208377
10.8;0.208613
10.9;0.208947
11;0.209674
11.1;0.209614
11.2;0.210231
11.3;0.210118
11.4;0.210735
11.5;0.210964
11.6;0.21182
11.7;0.212075
11.8;0.212796
11.9;0.212827
12;0.213466
12.1;0.212997
12.2;0.212469
12.3;0.213737
12.4;0.214376
12.5;0.214791
12.6;0.215263
12.7;0.215304
12.8;0.215518
12.9;0.215877
13;0.216352
13.1;0.215978
13.2;0.21606
13.3;0.217183
13.4;0.215864
13.5;0.216444
13.6;0.216632
13.7;0.21689
13.8;0.216799
13.9;0.216805
14;0.216579
14.1;0.216607
14.2;0.216148
14.3;0.216075
14.4;0.216352
14.5;0.215899
14.6;0.216758
14.7;0.216491
14.8;0.216676
14.9;0.216444
15;0.216758
15.1;0.216255
15.2;0.215342
15.3;0.215336
15.4;0.215374
15.5;0.215081
15.6;0.215597
15.7;0.215147
15.8;0.214697
15.9;0.214549
16;0.214398
16.1;0.213633
16.2;0.213328
16.3;0.213064
16.4;0.212636
16.5;0.212529
16.6;0.212991
16.7;0.211594
16.8;0.211421
16.9;0.210741
17;0.210804
17.1;0.21019
17.2;0.209913
17.3;0.209199
17.4;0.208957
17.5;0.208333
17.6;0.208761
17.7;0.208315
17.8;0.207773
17.9;0.207591
18;0.207144
18.1;0.206908
18.2;0.206451
18.3;0.206546
18.4;0.206278
18.5;0.205407
18.6;0.204802
18.7;0.20535
18.8;0.20513
18.9;0.204743
19;0.204617
19.1;0.204607
19.2;0.203962
19.3;0.204025
19.4;0.203868
19.5;0.203427
19.6;0.203248
19.7;0.203342
19.8;0.202794
19.9;0.202798
20;0.203059
