Lenlab red 7.0 Logger-Daten
Zeit;Kanal_1
0;0.274958
0.1;0.276116
0.2;0.277299
0.3;0.277268
0.4;0.278026
0.5;0.278253
0.6;0.278502
0.7;0.278971
0.8;0.279458
0.9;0.280217
1;0.280132
1.1;0.279521
1.2;0.280403
1.3;0.279421
1.4;0.280516
1.5;0.279339
1.6;0.28106
1.7;0.280956
1.8;0.280912
1.9;0.282055
2;0.280793
2.1;0.280078
2.2;0.281016
2.3;0.280406
2.4;0.281079
2.5;0.280185
2.6;0.280346
2.7;0.280352
2.8;0.280447
2.9;0.279864
3;0.280122
3.1;0.279433
3.2;0.279002
3.3;0.278744
3.4;0.278347
3.5;0.276843
3.6;0.277281
3.7;0.277227
3.8;0.276878
3.9;0.276173
4;0.275852
4.1;0.275348
4.2;0.274886
4.3;0.273038
4.4;0.273369
4.5;0.272494
4.6;0.272513
4.7;0.271314
4.8;0.270646
4.9;0.26985
5;0.269526
5.1;0.26918
5.2;0.268119
5.3;0.267622
5.4;0.267137
5.5;0.266587
5.6;0.26529
5.7;0.264953
5.8;0.263946
5.9;0.263591
6;0.262719
6.1;0.262392
6.2;0.261463
6.3;0.260736
6.4;0.26028
6.5;0.259543
6.6;0.258665
6.7;0.258483
6.8;0.257567
6.9;0.257095
7;0.256714
7.1;0.255868
7.2;0.255779
7.3;0.255103
7.4;0.254357
7.5;0.254266
7.6;0.253564
7.7;0.253073
7.8;0.252941
7.9;0.252749
8;0.252604
8.1;0.252012
8.2;0.251931
8.3;0.25177
8.4;0.251355
8.5;0.25233
8.6;0.250851
8.7;0.250968
8.8;0.251622
8.9;0.251373
9;0.250942
9.1;0.250936
9.2;0.251241
9.3;0.251386
9.4;0.25144
9.5;0.251018
9.6;0.251172
9.7;0.251213
9.8;0.251732
9.9;0.251868
10;0.252305
10.1;0.252821
10.2;0.25278
10.3;0.253101
10.4;0.25369
10.5;0.254351
10.6;0.254193
10.7;0.253768
10.8;0.254546
10.9;0.254857
11;0.255424
11.1;0.25572
11.2;0.256031
11.3;0.256765
11.4;0.257073
11.5;0.257693
11.6;0.258599
11.7;0.258332
11.8;0.259559
11.9;0.260264
12;0.261649
12.1;0.262609
12.2;0.263292
12.3;0.264343
12.4;0.265233
12.5;0.266118
12.6;0.267194
12.7;0.266967
12.8;0.268069
12.9;0.269101
13;0.270187
13.1;0.271166
13.2;0.271814
13.3;0.272601
13.4;0.273419
13.5;0.273592
13.6;0.27504
13.7;0.275266
13.8;0.27707
13.9;0.277416
14;0.278247
14.1;0.27842
14.2;0.279301
14.3;0.279581
14.4;0.279839
14.5;0.28067
14.6;0.280563
14.7;0.280371
14.8;0.281192
14.9;0.28061
15;0.280925
15.1;0.281079
15.2;0.281517
15.3;0.281189
15.4;0.28175
15.5;0.280849
15.6;0.281916
15.7;0.281825
15.8;0.282392
15.9;0.282307
16;0.282521
16.1;0.281945
16.2;0.282423
16.3;0.281948
16.4;0.282344
16.5;0.282791
16.6;0.282388
16.7;0.282436
16.8;0.28275
16.9;0.282285
17;0.282077
17.1;0.281712
17.2;0.281759
17.3;0.281554
17.4;0.281693
17.5;0.280771
17.6;0.281164
17.7;0.280881
17.8;0.280513
17.9;0.280421
18;0.280336
18.1;0.279411
18.2;0.279849
18.3;0.279081
18.4;0.278414
18.5;0.278366
18.6;0.277325
18.7;0.277101
18.8;0.276333
18.9;0.276217
19;0.275657
19.1;0.275207
19.2;0.274672
19.3;0.273517
19.4;0.273133
19.5;0.273189
19.6;0.271496
19.7;0.271131
19.8;0.270212
19.9;0.269284
20;0.268365
20.1;0.268176
20.2;0.266675
20.3;0.265866
20.4;0.265155
