0;1.4766
0.1;1.47595
0.2;1.47561
0.3;1.47583
0.4;1.47605
0.5;1.47866
0.6;1.4797
0.7;1.4815
0.8;1.4824
0.9;1.48332
1;1.48316
1.1;1.48364
1.2;1.48112
1.3;1.47982
1.4;1.48084
1.5;1.48186
1.6;1.48322
1.7;1.48423
1.8;1.48467
1.9;1.48483
2;1.48474
2.1;1.48349
2.2;1.48232
2.3;1.4819
2.4;1.48119
2.5;1.48114
2.6;1.48229
2.7;1.48119
2.8;1.48031
2.9;1.47819
3;1.47638
3.1;1.47497
3.2;1.47377
3.3;1.47462
3.4;1.47438
3.5;1.47533
3.6;1.47501
3.7;1.47539
3.8;1.47567
3.9;1.47547
4;1.47553
4.1;1.4746
4.2;1.47414
4.3;1.47429
4.4;1.47408
4.5;1.47446
4.6;1.4743
4.7;1.47433
4.8;1.47502
4.9;1.47457
5;1.47488
5.1;1.47513
5.2;1.47376
5.3;1.47465
5.4;1.47332
5.5;1.47436
5.6;1.47423
5.7;1.47398
5.8;1.47465
5.9;1.47422
6;1.47398
6.1;1.47432
6.2;1.47347
6.3;1.47385
6.4;1.47285
6.5;1.47377
6.6;1.47298
6.7;1.47322
6.8;1.47366
6.9;1.47363
7;1.47336
7.1;1.47359
7.2;1.47285
7.3;1.47273
7.4;1.47308
7.5;1.47285
7.6;1.47326
7.7;1.47302
7.8;1.47342
7.9;1.47303
8;1.47375
8.1;1.4733
8.2;1.47305
8.3;1.47307
8.4;1.47269
8.5;1.47295
8.6;1.47269
8.7;1.47274
8.8;1.47337
8.9;1.47377
9;1.47307
