0;1.47774
0.1;1.47778
0.2;1.4769
0.3;1.47702
0.4;1.47691
0.5;1.4769
0.6;1.47714
0.7;1.47669
0.8;1.4772
0.9;1.47752
1;1.47765
1.1;1.47772
1.2;1.4772
1.3;1.47772
1.4;1.47792
1.5;1.47837
1.6;1.47916
1.7;1.48115
1.8;1.48327
1.9;1.48446
2;1.4854
2.1;1.48542
2.2;1.48425
2.3;1.48355
2.4;1.4836
2.5;1.48493
2.6;1.48536
2.7;1.48531
2.8;1.48557
2.9;1.48575
3;1.48556
3.1;1.48602
3.2;1.48573
3.3;1.48564
3.4;1.48525
3.5;1.48503
3.6;1.48513
3.7;1.48463
3.8;1.48493
3.9;1.48474
4;1.4846
4.1;1.48374
4.2;1.48389
4.3;1.48463
4.4;1.48407
4.5;1.48433
4.6;1.48377
4.7;1.48367
4.8;1.48454
4.9;1.4849
5;1.48473
5.1;1.48493
5.2;1.48399
5.3;1.48389
5.4;1.48338
5.5;1.4833
5.6;1.48317
5.7;1.48288
5.8;1.48329
5.9;1.48373
6;1.48373
6.1;1.48357
6.2;1.48311
6.3;1.48344
6.4;1.48308
6.5;1.48313
6.6;1.48349
6.7;1.48342
6.8;1.48406
6.9;1.48407
7;1.48386
7.1;1.48316
7.2;1.48309
7.3;1.48225
7.4;1.48221
7.5;1.48225
7.6;1.48173
7.7;1.48198
7.8;1.48275
7.9;1.48279
8;1.48239
8.1;1.48203
8.2;1.48183
8.3;1.48147
8.4;1.48158
8.5;1.48128
8.6;1.48021
8.7;1.48039
8.8;1.47679
