0;1.48504
0.1;1.4849
0.2;1.4851
0.3;1.48474
0.4;1.48548
0.5;1.48548
0.6;1.48555
0.7;1.4856
0.8;1.48516
0.9;1.48533
1;1.48503
1.1;1.48451
1.2;1.48495
1.3;1.48459
1.4;1.48576
1.5;1.48549
1.6;1.48519
1.7;1.4854
1.8;1.4854
1.9;1.48501
2;1.48516
2.1;1.48452
2.2;1.4854
2.3;1.4847
2.4;1.48496
2.5;1.48495
2.6;1.48492
2.7;1.48475
2.8;1.48452
2.9;1.4842
3;1.48489
3.1;1.48542
3.2;1.48493
3.3;1.48426
3.4;1.4853
3.5;1.48487
3.6;1.48504
3.7;1.48474
3.8;1.48457
3.9;1.48366
4;1.48479
4.1;1.48359
4.2;1.48454
4.3;1.48404
4.4;1.48462
4.5;1.4846
4.6;1.48494
4.7;1.48414
4.8;1.48435
4.9;1.48377
5;1.48426
5.1;1.48365
5.2;1.48432
5.3;1.48371
5.4;1.4849
5.5;1.48479
5.6;1.48464
5.7;1.48465
5.8;1.48396
5.9;1.48362
6;1.48432
6.1;1.48359
6.2;1.48428
6.3;1.48325
6.4;1.48475
6.5;1.48431
6.6;1.48463
6.7;1.48362
6.8;1.48412
6.9;1.48282
7;1.48361
7.1;1.48351
7.2;1.48376
7.3;1.48344
7.4;1.48499
7.5;1.4849
7.6;1.48517
7.7;1.48494
7.8;1.4854
7.9;1.48522
8;1.48558
8.1;1.48535
8.2;1.48608
8.3;1.48554
8.4;1.48637
8.5;1.48621
8.6;1.4856
8.7;1.48574
8.8;1.48509
8.9;1.48461
