0;1.48828
0.1;1.4876
0.2;1.48862
0.3;1.48858
0.4;1.48802
0.5;1.48849
0.6;1.4881
0.7;1.48857
0.8;1.48817
0.9;1.48724
1;1.48747
1.1;1.48817
1.2;1.48818
1.3;1.4884
1.4;1.48851
1.5;1.48837
1.6;1.48794
1.7;1.48706
1.8;1.48644
1.9;1.48574
2;1.48622
2.1;1.48549
2.2;1.48585
2.3;1.48445
2.4;1.48597
2.5;1.48609
2.6;1.48577
2.7;1.48497
2.8;1.48581
2.9;1.48536
3;1.4856
3.1;1.48542
3.2;1.48591
3.3;1.48627
3.4;1.48516
3.5;1.48571
3.6;1.48517
3.7;1.48494
3.8;1.48561
3.9;1.48454
4;1.48511
4.1;1.48556
4.2;1.48571
4.3;1.48559
4.4;1.48544
4.5;1.48559
4.6;1.48492
4.7;1.48473
4.8;1.48451
4.9;1.48452
5;1.48527
5.1;1.48475
5.2;1.48477
5.3;1.48555
5.4;1.48539
5.5;1.48556
5.6;1.48533
5.7;1.48489
5.8;1.48526
5.9;1.48422
6;1.48497
6.1;1.4849
6.2;1.48551
6.3;1.48527
6.4;1.48524
6.5;1.48549
6.6;1.48484
6.7;1.48427
6.8;1.48552
6.9;1.48448
7;1.48509
7.1;1.48479
7.2;1.48552
7.3;1.48545
7.4;1.48557
7.5;1.48575
7.6;1.48477
7.7;1.48476
7.8;1.48485
7.9;1.48444
8;1.48512
8.1;1.48475
8.2;1.48531
8.3;1.4855
8.4;1.4855
8.5;1.48501
8.6;1.48495
8.7;1.48446
8.8;1.48533
8.9;1.48425
9;1.48543
9.1;1.48472
9.2;1.48535
9.3;1.48522
9.4;1.4854
9.5;1.4852
