0;1.48281
0.1;1.4817
0.2;1.48283
0.3;1.48221
0.4;1.48329
0.5;1.48282
0.6;1.48357
0.7;1.48345
0.8;1.48356
0.9;1.48238
1;1.48407
1.1;1.48302
1.2;1.48396
1.3;1.48233
1.4;1.48383
1.5;1.48387
1.6;1.48388
1.7;1.48325
1.8;1.48341
1.9;1.48301
2;1.48321
2.1;1.48307
2.2;1.48358
2.3;1.48329
2.4;1.48461
2.5;1.48423
2.6;1.48463
2.7;1.48463
2.8;1.48378
2.9;1.48361
3;1.48355
3.1;1.48396
3.2;1.48424
3.3;1.48425
3.4;1.48504
3.5;1.48468
3.6;1.4851
3.7;1.48447
3.8;1.48498
3.9;1.48435
4;1.48442
4.1;1.48411
4.2;1.48453
4.3;1.48417
4.4;1.48499
4.5;1.48415
4.6;1.48468
4.7;1.48417
4.8;1.48413
4.9;1.48415
5;1.48395
5.1;1.48445
5.2;1.48304
5.3;1.48409
5.4;1.48464
5.5;1.48465
5.6;1.48459
5.7;1.48458
5.8;1.48355
5.9;1.48336
6;1.48327
6.1;1.48474
6.2;1.48351
6.3;1.48411
6.4;1.48478
6.5;1.48482
6.6;1.4851
6.7;1.48491
6.8;1.48444
6.9;1.48401
7;1.48442
7.1;1.48393
7.2;1.48412
7.3;1.48419
7.4;1.48521
7.5;1.48516
7.6;1.4852
7.7;1.48456
7.8;1.48334
7.9;1.48292
8;1.48066
8.1;1.47978
8.2;1.48102
8.3;1.48105
8.4;1.48349
8.5;1.48263
8.6;1.48243
8.7;1.48265
8.8;1.48235
8.9;1.48169
9;1.48228
9.1;1.48108
9.2;1.48238
9.3;1.48195
9.4;1.48309
9.5;1.4832
9.6;1.48281
