0;1.48406
0.1;1.48466
0.2;1.48522
0.3;1.48523
0.4;1.48544
0.5;1.48531
0.6;1.48464
0.7;1.48507
0.8;1.48498
0.9;1.48494
1;1.48616
1.1;1.48514
1.2;1.48524
1.3;1.48544
1.4;1.48525
1.5;1.48547
1.6;1.48451
1.7;1.48405
1.8;1.48248
1.9;1.48302
2;1.4826
2.1;1.48373
2.2;1.48405
2.3;1.48443
2.4;1.48406
2.5;1.48404
2.6;1.48322
2.7;1.48398
2.8;1.48351
2.9;1.48331
3;1.48296
3.1;1.48326
3.2;1.48333
3.3;1.4842
3.4;1.48348
3.5;1.48394
3.6;1.4822
3.7;1.4833
3.8;1.48219
3.9;1.48284
4;1.48234
4.1;1.48345
4.2;1.4838
4.3;1.48396
4.4;1.4838
4.5;1.4838
4.6;1.48218
4.7;1.483
4.8;1.48226
4.9;1.48339
5;1.48182
5.1;1.48323
5.2;1.48411
5.3;1.48387
5.4;1.4836
5.5;1.4832
5.6;1.48282
5.7;1.48388
5.8;1.48282
5.9;1.48338
6;1.48289
6.1;1.48387
6.2;1.48424
6.3;1.48405
6.4;1.48389
6.5;1.48403
6.6;1.48353
6.7;1.48386
6.8;1.48343
6.9;1.48317
7;1.48315
7.1;1.4831
7.2;1.48382
7.3;1.48453
7.4;1.48363
7.5;1.48423
7.6;1.4833
7.7;1.48408
7.8;1.48346
7.9;1.48436
8;1.48378
8.1;1.48428
8.2;1.48464
8.3;1.48486
8.4;1.48505
8.5;1.48524
8.6;1.48431
8.7;1.48457
8.8;1.48423
8.9;1.4842
9;1.48363
9.1;1.48421
9.2;1.48506
9.3;1.48465
