0;1.4735
0.1;1.47487
0.2;1.47509
0.3;1.47613
0.4;1.47561
0.5;1.47649
0.6;1.4769
0.7;1.47664
0.8;1.4768
0.9;1.47678
1;1.47605
1.1;1.47578
1.2;1.47623
1.3;1.47653
1.4;1.47608
1.5;1.47668
1.6;1.47688
1.7;1.47685
1.8;1.47672
1.9;1.47681
2;1.47611
2.1;1.47715
2.2;1.47582
2.3;1.47681
2.4;1.47629
2.5;1.47694
2.6;1.4774
2.7;1.47788
2.8;1.47739
2.9;1.47719
3;1.47674
3.1;1.47689
3.2;1.47707
3.3;1.47744
3.4;1.477
3.5;1.47778
3.6;1.4781
3.7;1.47903
3.8;1.48003
3.9;1.48251
4;1.48322
4.1;1.48464
4.2;1.48428
4.3;1.48517
4.4;1.48526
4.5;1.48545
4.6;1.48573
4.7;1.48598
4.8;1.48549
4.9;1.48562
5;1.48512
5.1;1.48544
5.2;1.48527
5.3;1.48489
5.4;1.48447
5.5;1.48343
5.6;1.48423
5.7;1.48339
5.8;1.48302
5.9;1.48275
6;1.48248
6.1;1.48163
6.2;1.48209
6.3;1.4826
6.4;1.48184
6.5;1.48249
6.6;1.48328
6.7;1.4829
6.8;1.48314
6.9;1.48231
7;1.4809
7.1;1.48175
7.2;1.48192
7.3;1.48161
7.4;1.48229
7.5;1.48159
7.6;1.48194
7.7;1.48222
7.8;1.48213
7.9;1.48271
8;1.48115
8.1;1.48166
8.2;1.48083
8.3;1.48211
8.4;1.48083
8.5;1.48166
8.6;1.48272
8.7;1.48228
8.8;1.48288
8.9;1.48079
