0;1.47779
0.1;1.48923
0.2;1.48835
0.3;1.48846
0.4;1.48807
0.5;1.48755
0.6;1.48841
0.7;1.48831
0.8;1.48806
0.9;1.48789
1;1.4877
1.1;1.48756
1.2;1.48768
1.3;1.48837
1.4;1.48783
1.5;1.48836
1.6;1.48883
1.7;1.48789
1.8;1.48868
1.9;1.48792
2;1.48737
2.1;1.48741
2.2;1.48687
2.3;1.48707
2.4;1.48708
2.5;1.48737
2.6;1.48738
2.7;1.48769
2.8;1.48687
2.9;1.48701
3;1.48601
3.1;1.48657
3.2;1.48631
3.3;1.4867
3.4;1.48641
3.5;1.48642
3.6;1.48698
3.7;1.48683
3.8;1.4867
3.9;1.48644
4;1.48631
4.1;1.48642
4.2;1.48635
4.3;1.48605
4.4;1.48634
4.5;1.48618
4.6;1.487
4.7;1.48659
4.8;1.48665
4.9;1.48646
5;1.48601
5.1;1.48593
5.2;1.48489
5.3;1.48549
5.4;1.48526
5.5;1.48594
5.6;1.48605
5.7;1.48525
5.8;1.48587
5.9;1.48552
6;1.48501
6.1;1.48543
6.2;1.48511
6.3;1.48544
6.4;1.4855
6.5;1.48517
6.6;1.48583
6.7;1.4857
6.8;1.48616
6.9;1.48579
7;1.48535
7.1;1.48528
7.2;1.48528
7.3;1.48496
7.4;1.48492
7.5;1.48519
7.6;1.48549
7.7;1.48531
7.8;1.48545
7.9;1.4852
8;1.48485
8.1;1.48505
8.2;1.48453
8.3;1.4855
8.4;1.48459
8.5;1.4849
8.6;1.48519
8.7;1.48559
8.8;1.48498
8.9;1.48524
