0;1.47749
0.1;1.47785
0.2;1.4772
0.3;1.4775
0.4;1.47567
0.5;1.47627
0.6;1.47754
0.7;1.47855
0.8;1.47822
0.9;1.47889
1;1.4793
1.1;1.4787
1.2;1.47896
1.3;1.47871
1.4;1.47674
1.5;1.47611
1.6;1.47456
1.7;1.47409
1.8;1.47293
1.9;1.47316
2;1.47436
2.1;1.4743
2.2;1.47455
2.3;1.47483
2.4;1.47481
2.5;1.47532
2.6;1.47667
2.7;1.4782
2.8;1.47899
2.9;1.47882
3;1.48037
3.1;1.47978
3.2;1.48054
3.3;1.48048
3.4;1.47859
3.5;1.47893
3.6;1.47827
3.7;1.47843
3.8;1.47828
3.9;1.47936
4;1.47992
4.1;1.47942
4.2;1.48001
4.3;1.47902
4.4;1.47768
4.5;1.47808
4.6;1.47755
4.7;1.478
4.8;1.47698
4.9;1.4783
5;1.47851
5.1;1.47876
5.2;1.47876
5.3;1.47843
5.4;1.47748
5.5;1.47738
5.6;1.47799
5.7;1.47792
5.8;1.47766
5.9;1.47771
6;1.47848
6.1;1.47803
6.2;1.47816
6.3;1.4782
6.4;1.47737
6.5;1.47742
6.6;1.47766
6.7;1.47788
6.8;1.47735
6.9;1.47746
7;1.47846
7.1;1.47812
7.2;1.47851
7.3;1.47808
7.4;1.47742
7.5;1.47683
7.6;1.47689
7.7;1.47707
7.8;1.47747
7.9;1.47743
8;1.47845
8.1;1.4776
8.2;1.47813
8.3;1.47796
8.4;1.47744
8.5;1.47722
8.6;1.47726
8.7;1.4771
8.8;1.47764
8.9;1.47731
9;1.47843
9.1;1.478
9.2;1.47827
9.3;1.47789
9.4;1.47727
9.5;1.47736
9.6;1.47723
