0;1.47024
0.1;1.47029
0.2;1.4702
0.3;1.46937
0.4;1.46995
0.5;1.4693
0.6;1.46994
0.7;1.46932
0.8;1.46995
0.9;1.46913
1;1.47011
1.1;1.46965
1.2;1.47019
1.3;1.46983
1.4;1.46966
1.5;1.46931
1.6;1.46963
1.7;1.46911
1.8;1.46987
1.9;1.46905
2;1.46972
2.1;1.47015
2.2;1.46975
2.3;1.46921
2.4;1.4697
2.5;1.4693
2.6;1.46941
2.7;1.46913
2.8;1.46958
2.9;1.46919
3;1.46939
3.1;1.47007
3.2;1.47026
3.3;1.47086
3.4;1.46983
3.5;1.47004
3.6;1.47065
3.7;1.46958
3.8;1.46979
3.9;1.46867
4;1.46959
4.1;1.46885
4.2;1.46963
4.3;1.46953
4.4;1.46936
4.5;1.4689
4.6;1.46925
4.7;1.46892
4.8;1.46934
4.9;1.46876
5;1.46958
5.1;1.46977
5.2;1.46932
5.3;1.46988
5.4;1.46955
5.5;1.46999
5.6;1.46996
5.7;1.47024
5.8;1.4704
5.9;1.47003
6;1.47088
6.1;1.47052
6.2;1.47104
6.3;1.47032
6.4;1.47049
6.5;1.46951
6.6;1.47016
6.7;1.47009
6.8;1.47064
6.9;1.4704
7;1.47057
7.1;1.47079
7.2;1.47093
7.3;1.47087
7.4;1.47034
7.5;1.47004
7.6;1.47008
7.7;1.47015
7.8;1.47083
7.9;1.4701
8;1.47018
8.1;1.47124
8.2;1.47099
8.3;1.46979
8.4;1.47079
8.5;1.4698
8.6;1.47075
8.7;1.46992
8.8;1.4707
8.9;1.46993
9;1.47085
9.1;1.47105
9.2;1.47094
9.3;1.4714
9.4;1.47109
9.5;1.47048
9.6;1.47064
9.7;1.4702
9.8;1.47125
