0;1.48637
0.1;1.48615
0.2;1.48545
0.3;1.48602
0.4;1.4856
0.5;1.48593
0.6;1.48535
0.7;1.486
0.8;1.48605
0.9;1.48647
1;1.48654
1.1;1.48587
1.2;1.4852
1.3;1.48527
1.4;1.48451
1.5;1.48498
1.6;1.48521
1.7;1.48539
1.8;1.48562
1.9;1.48525
2;1.48595
2.1;1.4856
2.2;1.48501
2.3;1.48467
2.4;1.48498
2.5;1.48503
2.6;1.48426
2.7;1.48461
2.8;1.48581
2.9;1.48498
3;1.48405
3.1;1.4853
3.2;1.48443
3.3;1.48483
3.4;1.4845
3.5;1.48435
3.6;1.48413
3.7;1.48447
3.8;1.48519
3.9;1.48489
4;1.48512
4.1;1.48415
4.2;1.48426
4.3;1.48436
4.4;1.48479
4.5;1.48442
4.6;1.48403
4.7;1.4848
4.8;1.48544
4.9;1.48526
5;1.48556
5.1;1.48521
5.2;1.48473
5.3;1.48485
5.4;1.48431
5.5;1.48418
5.6;1.48469
5.7;1.48482
5.8;1.48526
5.9;1.48516
6;1.48527
6.1;1.48509
6.2;1.4846
6.3;1.4846
6.4;1.48423
6.5;1.48438
6.6;1.48453
6.7;1.48458
6.8;1.48478
6.9;1.48471
7;1.48477
7.1;1.48479
7.2;1.48406
7.3;1.4848
7.4;1.48396
7.5;1.4847
7.6;1.48366
7.7;1.48501
7.8;1.4848
7.9;1.48519
8;1.48532
8.1;1.48539
8.2;1.48458
8.3;1.48493
8.4;1.48467
8.5;1.48458
8.6;1.48441
8.7;1.48479
8.8;1.48441
8.9;1.48538
9;1.48491
9.1;1.48488
9.2;1.48444
9.3;1.48428
9.4;1.48378
9.5;1.48459
9.6;1.48394
9.7;1.48453
9.8;1.48493
9.9;1.48493
10;1.48518
10.1;1.48533
