0;1.48624
0.1;1.48624
0.2;1.48587
0.3;1.4858
0.4;1.48567
0.5;1.48563
0.6;1.48552
0.7;1.48569
0.8;1.48635
0.9;1.486
1;1.48629
1.1;1.48559
1.2;1.48494
1.3;1.48475
1.4;1.48455
1.5;1.48507
1.6;1.48421
1.7;1.48472
1.8;1.48535
1.9;1.48555
2;1.48558
2.1;1.48422
2.2;1.48489
2.3;1.48498
2.4;1.48482
2.5;1.48503
2.6;1.48489
2.7;1.48483
2.8;1.48537
2.9;1.48493
3;1.48501
3.1;1.48434
3.2;1.48223
3.3;1.48307
3.4;1.48214
3.5;1.4833
3.6;1.4835
3.7;1.48323
3.8;1.48442
3.9;1.48357
4;1.48456
4.1;1.48477
4.2;1.48382
4.3;1.4844
4.4;1.48403
4.5;1.48394
4.6;1.48384
4.7;1.48463
4.8;1.48511
4.9;1.48504
5;1.48355
5.1;1.48465
5.2;1.48382
5.3;1.48411
5.4;1.48444
5.5;1.48482
5.6;1.48511
5.7;1.48494
5.8;1.48519
5.9;1.48496
6;1.48464
6.1;1.48432
6.2;1.48344
6.3;1.48306
6.4;1.48333
6.5;1.48355
6.6;1.48279
6.7;1.4839
6.8;1.4846
6.9;1.48473
7;1.48465
7.1;1.48482
7.2;1.48343
7.3;1.48424
7.4;1.48346
7.5;1.48276
7.6;1.48254
7.7;1.48352
7.8;1.48297
7.9;1.48398
8;1.48307
8.1;1.48371
8.2;1.48259
8.3;1.48339
8.4;1.48222
8.5;1.48351
8.6;1.48279
8.7;1.48397
8.8;1.48417
8.9;1.48406
9;1.48413
9.1;1.48395
9.2;1.48328
9.3;1.48293
9.4;1.48272
9.5;1.48334
9.6;1.48283
