Lenlab red 7.0 Logger-Daten
Zeit;Kanal_1
0;0.00740519
0.1;0.00708418
0.2;0.00680094
0.3;0.00707159
0.4;0.00705585
0.5;0.00735483
0.6;0.00737057
0.7;0.0077136
0.8;0.00703068
0.9;0.00760031
1;0.00675058
1.1;0.00732021
1.2;0.00743666
1.3;0.00693312
1.4;0.00719748
1.5;0.00727301
1.6;0.00761919
1.7;0.00772619
1.8;0.0070653
1.9;0.00718803
2;0.00649567
2.1;0.00742722
2.2;0.00720692
2.3;0.00767269
2.4;0.00722265
2.5;0.00760031
2.6;0.0082077
2.7;0.00783634
2.8;0.00767899
2.9;0.00805979
3;0.00709677
3.1;0.00758142
3.2;0.00692368
3.3;0.00724154
3.4;0.00656176
3.5;0.00844374
3.6;0.00809755
3.7;0.00792761
3.8;0.00790558
3.9;0.00758772
4;0.0068922
4.1;0.00749645
4.2;0.00694256
4.3;0.00725412
4.4;0.00712509
4.5;0.00747757
4.6;0.00806608
4.7;0.00751219
4.8;0.0083745
4.9;0.00733595
5;0.00723209
5.1;0.00710936
5.2;0.00642958
5.3;0.00723209
5.4;0.0067852
5.5;0.0079402
5.6;0.00814161
5.7;0.00748701
5.8;0.00751219
5.9;0.00714083
6;0.00747128
6.1;0.00729504
6.2;0.00688906
6.3;0.00703382
6.4;0.00692053
6.5;0.00720062
6.6;0.00789299
6.7;0.00790558
6.8;0.00760345
6.9;0.00776711
7;0.00688906
7.1;0.00734854
7.2;0.00689535
7.3;0.00762234
7.4;0.00682297
7.5;0.00704327
7.6;0.00728874
7.7;0.00724783
7.8;0.00725098
7.9;0.00798426
8;0.00702124
8.1;0.0073926
8.2;0.00697403
8.3;0.00708733
8.4;0.00691423
8.5;0.00745554
8.6;0.00809441
8.7;0.00710621
8.8;0.00753736
8.9;0.0073391
9;0.00721006
9.1;0.00751848
9.2;0.00704956
9.3;0.00699921
9.4;0.00702753
9.5;0.00721006
9.6;0.00720377
9.7;0.00748701
9.8;0.00741777
