Lenlab red 7.0 Logger-Daten
Zeit;Kanal_1
0;0.0941903
0.1;0.0942092
0.2;0.094206
0.3;0.0945617
0.4;0.0944012
0.5;0.0946655
0.6;0.094055
0.7;0.0945963
0.8;0.0938378
0.9;0.0944893
1;0.0941053
1.1;0.0944075
1.2;0.0942375
1.3;0.0944861
1.4;0.093199
1.5;0.0942658
1.6;0.0934822
1.7;0.0941809
1.8;0.0935074
1.9;0.0944673
2;0.093778
2.1;0.0941714
2.2;0.0945396
2.3;0.0943382
2.4;0.093885
2.5;0.0945554
2.6;0.0934791
2.7;0.0941588
2.8;0.0934696
2.9;0.0942249
3;0.0936112
3.1;0.0938882
3.2;0.0940865
3.3;0.0941116
3.4;0.0937623
3.5;0.0939637
3.6;0.0936742
3.7;0.0939228
3.8;0.0931486
3.9;0.0942092
4;0.0942407
4.1;0.0937843
4.2;0.0940046
4.3;0.0938945
4.4;0.0936459
4.5;0.0943225
4.6;0.0933374
4.7;0.0936616
4.8;0.092985
4.9;0.0936364
5;0.0930888
5.1;0.0937151
5.2;0.0940392
5.3;0.0935483
5.4;0.0940707
5.5;0.0936364
5.6;0.0927584
5.7;0.0936616
5.8;0.0929661
5.9;0.0934256
6;0.0929503
6.1;0.0934444
6.2;0.0934161
6.3;0.0933437
6.4;0.0932273
6.5;0.0939983
6.6;0.0929913
6.7;0.0927363
6.8;0.0928496
6.9;0.0932839
7;0.0926419
7.1;0.093306
7.2;0.0933437
7.3;0.0934035
7.4;0.0937214
7.5;0.0935955
7.6;0.0926325
7.7;0.0930196
7.8;0.0926356
7.9;0.0932021
8;0.0922108
8.1;0.0933343
8.2;0.0930825
8.3;0.0932965
