Lenlab red 7.0 Logger-Daten
Zeit;Kanal_1
0;0.961308
0.1;0.958042
0.2;0.958866
0.3;0.958882
0.4;0.959338
0.5;0.959046
0.6;0.95965
0.7;0.959319
0.8;0.959175
0.9;0.958539
1;0.958306
1.1;0.959256
1.2;0.959197
1.3;0.958948
1.4;0.959499
1.5;0.959414
1.6;0.959993
1.7;0.960411
1.8;0.960455
1.9;0.960197
2;0.960153
2.1;0.959247
2.2;0.959558
2.3;0.95919
2.4;0.959807
2.5;0.959672
2.6;0.960641
2.7;0.960005
2.8;0.960377
2.9;0.960965
3;0.960736
3.1;0.960726
3.2;0.961
3.3;0.960279
3.4;0.960695
3.5;0.960798
3.6;0.960943
3.7;0.961683
3.8;0.961293
3.9;0.961283
4;0.960682
4.1;0.960455
4.2;0.960748
4.3;0.960002
4.4;0.959804
4.5;0.959263
4.6;0.9593
4.7;0.960386
4.8;0.96009
4.9;0.960141
5;0.959647
5.1;0.960172
5.2;0.960544
5.3;0.960622
5.4;0.960931
5.5;0.960547
5.6;0.961267
5.7;0.960902
5.8;0.96089
5.9;0.960169
6;0.960931
6.1;0.960241
6.2;0.960688
6.3;0.959974
6.4;0.960512
6.5;0.960304
6.6;0.960764
6.7;0.960635
6.8;0.961186
6.9;0.960427
7;0.96066
7.1;0.96009
7.2;0.960311
7.3;0.959672
7.4;0.960603
