Lenlab red 7.0 Logger-Daten
Zeit;Kanal_1
0;1.25854
0.1;1.25701
0.2;1.25667
0.3;1.25739
0.4;1.25882
0.5;1.2584
0.6;1.25974
0.7;1.26234
0.8;1.2634
0.9;1.26135
1;1.26315
1.1;1.26191
1.2;1.2642
1.3;1.26367
1.4;1.26545
1.5;1.26451
1.6;1.26656
1.7;1.26799
1.8;1.26925
1.9;1.26679
2;1.26966
2.1;1.26735
2.2;1.26848
2.3;1.26888
2.4;1.26643
2.5;1.2688
2.6;1.2692
2.7;1.26841
2.8;1.26895
2.9;1.26996
3;1.26953
3.1;1.26843
3.2;1.26967
3.3;1.27049
3.4;1.27036
3.5;1.27042
3.6;1.27171
3.7;1.27161
3.8;1.27285
3.9;1.27231
4;1.27249
4.1;1.27401
4.2;1.27467
4.3;1.27488
4.4;1.2768
4.5;1.27698
4.6;1.27779
4.7;1.27831
4.8;1.27781
4.9;1.2786
5;1.27846
5.1;1.27893
5.2;1.27941
5.3;1.27872
5.4;1.27982
5.5;1.28027
5.6;1.28052
5.7;1.28145
5.8;1.28125
5.9;1.28136
6;1.2816
6.1;1.28175
6.2;1.28218
6.3;1.28198
6.4;1.28248
6.5;1.2821
6.6;1.28319
6.7;1.28371
6.8;1.28369
6.9;1.28409
7;1.28409
7.1;1.28373
7.2;1.28491
7.3;1.28388
7.4;1.28447
7.5;1.285
7.6;1.28557
7.7;1.28665
7.8;1.28692
7.9;1.28752
8;1.28668
8.1;1.28675
8.2;1.28762
8.3;1.2871
8.4;1.28724
8.5;1.28744
8.6;1.28788
8.7;1.28764
