Lenlab red 7.0 Logger-Daten
Zeit;Kanal_1
0;1.45874
0.1;1.45681
0.2;1.45893
0.3;1.45769
0.4;1.4587
0.5;1.45921
0.6;1.45889
0.7;1.45903
0.8;1.45907
0.9;1.45984
1;1.45998
1.1;1.45982
1.2;1.46039
1.3;1.46057
1.4;1.46054
1.5;1.46016
1.6;1.46023
1.7;1.46119
1.8;1.46042
1.9;1.4616
2;1.46158
2.1;1.4612
2.2;1.46224
2.3;1.46306
2.4;1.46361
2.5;1.46327
2.6;1.46288
2.7;1.4635
2.8;1.46303
2.9;1.46374
3;1.4634
3.1;1.46352
3.2;1.46461
3.3;1.46404
3.4;1.46496
3.5;1.46473
3.6;1.46407
3.7;1.46512
3.8;1.46522
3.9;1.46387
4;1.46371
4.1;1.46465
4.2;1.46478
4.3;1.46581
4.4;1.46567
4.5;1.46584
4.6;1.46562
4.7;1.46684
4.8;1.46739
4.9;1.46769
5;1.46825
5.1;1.46792
5.2;1.46752
5.3;1.46846
5.4;1.46832
5.5;1.46813
5.6;1.46823
5.7;1.46852
5.8;1.4682
5.9;1.46956
6;1.46978
6.1;1.46973
6.2;1.46959
6.3;1.47002
6.4;1.46975
6.5;1.47116
6.6;1.47046
6.7;1.47086
6.8;1.47021
6.9;1.47148
7;1.47102
7.1;1.47219
7.2;1.47249
7.3;1.47233
7.4;1.47195
7.5;1.47267
7.6;1.47253
7.7;1.47296
7.8;1.47229
7.9;1.47259
8;1.47337
8.1;1.47369
8.2;1.47378
8.3;1.47358
8.4;1.47362
8.5;1.47336
8.6;1.47228
