Lenlab red 7.0 Logger-Daten
Zeit;Kanal_1
0;1.63824
0.1;1.63749
0.2;1.63796
0.3;1.63782
0.4;1.63923
0.5;1.63938
0.6;1.63919
0.7;1.63966
0.8;1.64052
0.9;1.63949
1;1.64017
1.1;1.63904
1.2;1.64052
1.3;1.64092
1.4;1.64132
1.5;1.64109
1.6;1.64103
1.7;1.64039
1.8;1.64058
1.9;1.64054
2;1.64182
2.1;1.64108
2.2;1.64209
2.3;1.64201
2.4;1.64303
2.5;1.64374
2.6;1.6431
2.7;1.64318
2.8;1.64349
2.9;1.64333
3;1.64287
3.1;1.6432
3.2;1.64384
3.3;1.64401
3.4;1.64366
3.5;1.64385
3.6;1.64405
3.7;1.64393
3.8;1.64394
3.9;1.64379
4;1.64511
4.1;1.64494
4.2;1.64425
4.3;1.64469
4.4;1.64528
4.5;1.64471
4.6;1.64501
4.7;1.64499
4.8;1.64548
4.9;1.64581
5;1.64629
5.1;1.64522
5.2;1.64543
5.3;1.6458
5.4;1.64616
5.5;1.64682
5.6;1.6469
5.7;1.64609
5.8;1.64666
5.9;1.64654
6;1.64741
6.1;1.6465
6.2;1.64652
6.3;1.64699
6.4;1.64811
6.5;1.64794
6.6;1.64747
6.7;1.64746
6.8;1.64777
6.9;1.64757
7;1.64785
7.1;1.64843
7.2;1.64946
7.3;1.64841
7.4;1.64921
7.5;1.64846
7.6;1.64898
7.7;1.6485
7.8;1.64861
7.9;1.64862
8;1.64905
8.1;1.64885
8.2;1.64891
8.3;1.64861
8.4;1.64912
8.5;1.64873
8.6;1.64982
8.7;1.64828
8.8;1.64863
8.9;1.64739
9;1.6474
9.1;1.64711
9.2;1.64781
9.3;1.64705
9.4;1.64688
9.5;1.64598
9.6;1.64549
