Lenlab red 7.0 Logger-Daten
Zeit;Kanal_1
0;0.17481
0.1;0.174253
0.2;0.17301
0.3;0.174382
0.4;0.17475
0.5;0.175115
0.6;0.175663
0.7;0.176815
0.8;0.175972
0.9;0.176796
1;0.176535
1.1;0.177879
1.2;0.177482
1.3;0.178253
1.4;0.178256
1.5;0.178807
1.6;0.179263
1.7;0.180189
1.8;0.179833
1.9;0.180072
2;0.179638
2.1;0.18
2.2;0.179949
2.3;0.180431
2.4;0.180604
2.5;0.180494
2.6;0.180535
2.7;0.180422
2.8;0.180462
2.9;0.181331
3;0.180163
3.1;0.179934
3.2;0.179981
3.3;0.180409
3.4;0.179846
3.5;0.180437
3.6;0.180223
3.7;0.180217
3.8;0.180123
3.9;0.18027
4;0.179682
4.1;0.179751
4.2;0.179301
4.3;0.180513
4.4;0.179399
4.5;0.180053
4.6;0.179924
4.7;0.179669
4.8;0.179792
4.9;0.179559
5;0.179062
5.1;0.179166
5.2;0.179361
5.3;0.179374
5.4;0.17994
5.5;0.178829
5.6;0.179245
5.7;0.179402
5.8;0.179043
5.9;0.179207
6;0.178949
6.1;0.178911
6.2;0.178791
6.3;0.178496
6.4;0.178524
6.5;0.178974
6.6;0.178952
6.7;0.178687
6.8;0.178901
6.9;0.1782
7;0.178451
7.1;0.17836
7.2;0.178313
7.3;0.17819
7.4;0.177709
7.5;0.178001
7.6;0.178241
7.7;0.178115
7.8;0.178134
7.9;0.177432
8;0.177599
8.1;0.177451
8.2;0.177337
8.3;0.177202
8.4;0.177164
8.5;0.177548
8.6;0.178744
8.7;0.177082
