Lenlab red 7.0 Logger-Daten
Zeit;Kanal_1
0;1.79787
0.1;1.7967
0.2;1.79639
0.3;1.79656
0.4;1.79689
0.5;1.79718
0.6;1.79649
0.7;1.79697
0.8;1.7975
0.9;1.79712
1;1.79745
1.1;1.79685
1.2;1.79608
1.3;1.79606
1.4;1.79539
1.5;1.79547
1.6;1.79475
1.7;1.79484
1.8;1.79435
1.9;1.79403
2;1.79312
2.1;1.79256
2.2;1.79133
2.3;1.79008
2.4;1.78844
2.5;1.78938
2.6;1.78829
2.7;1.78773
2.8;1.787
2.9;1.78699
3;1.78569
3.1;1.785
3.2;1.78467
3.3;1.78302
3.4;1.78146
3.5;1.78124
3.6;1.77994
3.7;1.77898
3.8;1.77758
3.9;1.77804
4;1.77766
4.1;1.77589
4.2;1.77411
4.3;1.77318
4.4;1.77079
4.5;1.76846
4.6;1.76649
4.7;1.76629
4.8;1.76416
4.9;1.76439
5;1.76239
5.1;1.76207
5.2;1.75936
5.3;1.7583
5.4;1.75646
5.5;1.75542
5.6;1.75363
5.7;1.75206
5.8;1.75211
5.9;1.75055
6;1.7508
6.1;1.7494
6.2;1.74901
6.3;1.74763
6.4;1.74722
6.5;1.7455
6.6;1.74524
6.7;1.74446
6.8;1.74498
6.9;1.74664
7;1.74582
7.1;1.74648
7.2;1.74757
7.3;1.74689
7.4;1.74557
7.5;1.74818
7.6;1.74705
7.7;1.74896
7.8;1.75091
7.9;1.7501
8;1.7507
8.1;1.75244
8.2;1.75263
8.3;1.75141
8.4;1.75167
8.5;1.75256
8.6;1.75085
8.7;1.75194
8.8;1.75361
8.9;1.75418
9;1.75345
