Lenlab red 7.0 Logger-Daten
Zeit;Kanal_1
0;1.78391
0.1;1.7818
0.2;1.78087
0.3;1.78174
0.4;1.78177
0.5;1.78269
0.6;1.78298
0.7;1.78339
0.8;1.78382
0.9;1.78516
1;1.78448
1.1;1.78558
1.2;1.78648
1.3;1.78682
1.4;1.78644
1.5;1.7881
1.6;1.78663
1.7;1.7859
1.8;1.78687
1.9;1.78692
2;1.78864
2.1;1.78957
2.2;1.78884
2.3;1.78947
2.4;1.78902
2.5;1.78987
2.6;1.78923
2.7;1.79061
2.8;1.79007
2.9;1.79132
3;1.79158
3.1;1.79194
3.2;1.79254
3.3;1.79377
3.4;1.79153
3.5;1.79214
3.6;1.79268
3.7;1.79353
3.8;1.79307
3.9;1.79354
4;1.79424
4.1;1.79376
4.2;1.79581
4.3;1.79536
4.4;1.79514
4.5;1.79676
4.6;1.79625
4.7;1.79686
4.8;1.79762
4.9;1.7977
5;1.79917
5.1;1.80018
5.2;1.80024
5.3;1.80035
5.4;1.79961
5.5;1.80052
5.6;1.80104
5.7;1.80186
5.8;1.80157
5.9;1.80207
6;1.80201
6.1;1.80247
6.2;1.80313
6.3;1.80445
6.4;1.80323
6.5;1.80414
6.6;1.80478
6.7;1.80465
6.8;1.80451
6.9;1.80571
7;1.80504
7.1;1.80612
7.2;1.80719
7.3;1.80647
7.4;1.80584
7.5;1.80606
7.6;1.80649
7.7;1.80697
