Lenlab red 7.0 Logger-Daten
Zeit;Kanal_1
0;0.266905
0.1;0.266014
0.2;0.265507
0.3;0.266089
0.4;0.266357
0.5;0.266316
0.6;0.267134
0.7;0.266747
0.8;0.266543
0.9;0.26686
1;0.26586
1.1;0.266159
1.2;0.265926
1.3;0.266543
1.4;0.266338
1.5;0.265819
1.6;0.266196
1.7;0.266196
1.8;0.265822
1.9;0.265328
2;0.265919
2.1;0.265611
2.2;0.265592
2.3;0.265643
2.4;0.265098
2.5;0.265693
2.6;0.26563
2.7;0.265671
2.8;0.265573
2.9;0.265221
3;0.264922
3.1;0.265397
3.2;0.264796
3.3;0.26523
3.4;0.26433
3.5;0.265221
3.6;0.265199
3.7;0.265542
3.8;0.264774
3.9;0.265038
4;0.264085
4.1;0.26451
4.2;0.263968
4.3;0.263726
4.4;0.264022
4.5;0.264746
4.6;0.26501
4.7;0.264355
4.8;0.263871
4.9;0.263849
5;0.263109
5.1;0.263669
5.2;0.263194
5.3;0.263311
5.4;0.263279
5.5;0.263194
5.6;0.263594
5.7;0.263355
5.8;0.26337
5.9;0.263373
6;0.262281
6.1;0.262596
6.2;0.26253
6.3;0.262338
6.4;0.261923
6.5;0.262354
6.6;0.262259
6.7;0.262429
6.8;0.261957
6.9;0.261957
7;0.261073
7.1;0.261781
7.2;0.26117
7.3;0.261454
7.4;0.26095
7.5;0.261174
7.6;0.261051
7.7;0.261237
7.8;0.261001
7.9;0.260768
8;0.260173
8.1;0.260207
8.2;0.259956
8.3;0.259968
8.4;0.259739
8.5;0.259628
8.6;0.259685
8.7;0.259474
8.8;0.259314
8.9;0.259314
9;0.258404
9.1;0.258357
