Lenlab red 7.0 Logger-Daten
Zeit;Kanal_1
0;2.06798
0.1;2.06744
0.2;2.06883
0.3;2.06888
0.4;2.06893
0.5;2.06951
0.6;2.06888
0.7;2.06878
0.8;2.06899
0.9;2.06905
1;2.06876
1.1;2.06914
1.2;2.06959
1.3;2.07028
1.4;2.07038
1.5;2.0697
1.6;2.07036
1.7;2.07145
1.8;2.07051
1.9;2.07142
2;2.07219
2.1;2.07254
2.2;2.07302
2.3;2.07344
2.4;2.07336
2.5;2.07336
2.6;2.07342
2.7;2.07384
2.8;2.07306
2.9;2.07386
3;2.07387
3.1;2.07441
3.2;2.07483
3.3;2.07536
3.4;2.07541
3.5;2.07607
3.6;2.07588
3.7;2.07619
3.8;2.07583
3.9;2.07644
4;2.07604
4.1;2.07685
4.2;2.07707
4.3;2.07723
4.4;2.07722
4.5;2.0771
4.6;2.07739
4.7;2.07751
4.8;2.07764
4.9;2.07845
5;2.07789
5.1;2.07803
5.2;2.07853
5.3;2.07857
5.4;2.0787
5.5;2.07904
5.6;2.07912
5.7;2.07884
5.8;2.07872
5.9;2.07902
6;2.0793
6.1;2.07988
6.2;2.08032
6.3;2.08049
6.4;2.08034
6.5;2.0808
6.6;2.08121
6.7;2.08174
6.8;2.08126
6.9;2.08232
7;2.08187
7.1;2.08258
7.2;2.08248
7.3;2.08263
7.4;2.08285
7.5;2.08286
7.6;2.08244
7.7;2.08262
7.8;2.08256
7.9;2.08319
8;2.08354
8.1;2.08412
