Lenlab red 7.0 Logger-Daten
Zeit;Kanal_1
0;2.18241
0.1;2.18047
0.2;2.18035
0.3;2.18029
0.4;2.18115
0.5;2.1805
0.6;2.18084
0.7;2.18111
0.8;2.18126
0.9;2.18097
1;2.18187
1.1;2.18134
1.2;2.1816
1.3;2.1823
1.4;2.18185
1.5;2.18199
1.6;2.18223
1.7;2.18181
1.8;2.18224
1.9;2.18248
2;2.18343
2.1;2.18392
2.2;2.18416
2.3;2.18398
2.4;2.18467
2.5;2.1843
2.6;2.18514
2.7;2.18487
2.8;2.18518
2.9;2.18544
3;2.18595
3.1;2.18615
3.2;2.18595
3.3;2.18621
3.4;2.18614
3.5;2.18593
3.6;2.18661
3.7;2.18635
3.8;2.1869
3.9;2.18683
4;2.18735
4.1;2.1875
4.2;2.18748
4.3;2.1874
4.4;2.18811
4.5;2.18799
4.6;2.1887
4.7;2.18793
4.8;2.18847
4.9;2.18813
5;2.18852
5.1;2.18906
5.2;2.18873
5.3;2.18872
5.4;2.18884
5.5;2.18817
5.6;2.18902
5.7;2.18849
5.8;2.18855
5.9;2.18872
6;2.18955
6.1;2.18947
6.2;2.18971
6.3;2.18992
6.4;2.18979
6.5;2.18993
6.6;2.19005
6.7;2.18999
6.8;2.19003
6.9;2.19009
7;2.192
7.1;2.19079
7.2;2.19092
7.3;2.19136
7.4;2.19085
7.5;2.19069
7.6;2.19095
7.7;2.19078
7.8;2.19153
