Lenlab red 7.0 Logger-Daten
Zeit;Kanal_1
0;0.405375
0.1;0.403978
0.2;0.40359
0.3;0.403952
0.4;0.404245
0.5;0.403789
0.6;0.403984
0.7;0.404018
0.8;0.403216
0.9;0.403417
1;0.402882
1.1;0.403449
1.2;0.403292
1.3;0.403301
1.4;0.403314
1.5;0.40304
1.6;0.402618
1.7;0.402917
1.8;0.401932
1.9;0.402508
2;0.401605
2.1;0.402221
2.2;0.401589
2.3;0.401856
2.4;0.402092
2.5;0.401762
2.6;0.401507
2.7;0.401989
2.8;0.400528
2.9;0.400283
3;0.399946
3.1;0.400286
3.2;0.400705
3.3;0.399893
3.4;0.399855
3.5;0.400459
3.6;0.400214
3.7;0.399804
3.8;0.399137
3.9;0.399443
4;0.398373
4.1;0.398199
4.2;0.39859
4.3;0.397954
4.4;0.399018
4.5;0.398382
4.6;0.398259
4.7;0.39768
4.8;0.397375
4.9;0.397479
5;0.39679
5.1;0.396733
5.2;0.39673
5.3;0.396856
5.4;0.397057
5.5;0.396494
5.6;0.396119
5.7;0.396506
5.8;0.395455
5.9;0.395342
6;0.395024
6.1;0.394974
6.2;0.393771
6.3;0.394476
6.4;0.394413
6.5;0.394445
6.6;0.393938
6.7;0.393554
6.8;0.392289
6.9;0.391893
7;0.392034
7.1;0.392368
7.2;0.392324
7.3;0.392966
7.4;0.393564
7.5;0.394961
7.6;0.396028
7.7;0.396119
7.8;0.396544
7.9;0.398782
8;0.399213
8.1;0.40123
8.2;0.401306
8.3;0.40281
