Lenlab red 7.0 Logger-Daten
Zeit;Kanal_1
0;2.38551
0.1;2.40073
0.2;2.40084
0.3;2.4013
0.4;2.40082
0.5;2.40089
0.6;2.40017
0.7;2.40053
0.8;2.40036
0.9;2.40071
1;2.40056
1.1;2.40075
1.2;2.40067
1.3;2.4007
1.4;2.4006
1.5;2.40096
1.6;2.39965
1.7;2.40035
1.8;2.40058
1.9;2.40051
2;2.40018
2.1;2.4009
2.2;2.40109
2.3;2.40097
2.4;2.40069
2.5;2.40115
2.6;2.40073
2.7;2.40103
2.8;2.40087
2.9;2.4012
3;2.40082
3.1;2.40114
3.2;2.40076
3.3;2.40121
3.4;2.40086
3.5;2.4009
3.6;2.40039
3.7;2.40096
3.8;2.40061
3.9;2.40096
4;2.4005
4.1;2.401
4.2;2.40138
4.3;2.40109
4.4;2.40076
4.5;2.40129
4.6;2.40054
4.7;2.40111
4.8;2.4007
4.9;2.40102
5;2.40045
5.1;2.40072
5.2;2.40101
5.3;2.40091
5.4;2.40093
5.5;2.40062
5.6;2.4
5.7;2.40079
5.8;2.40032
5.9;2.4
6;2.39981
6.1;2.40088
6.2;2.40207
6.3;2.40112
6.4;2.40085
6.5;2.4011
6.6;2.4006
6.7;2.40066
6.8;2.40037
6.9;2.40062
7;2.40047
7.1;2.40075
7.2;2.40112
7.3;2.40106
7.4;2.40171
7.5;2.40101
7.6;2.40045
