Lenlab red 7.0 Logger-Daten
Zeit;Kanal_1
0;0.592226
0.1;0.590797
0.2;0.591641
0.3;0.590558
0.4;0.590593
0.5;0.590127
0.6;0.590505
0.7;0.589504
0.8;0.589689
0.9;0.589221
1;0.589611
1.1;0.589309
1.2;0.589457
1.3;0.589091
1.4;0.589076
1.5;0.588855
1.6;0.58838
1.7;0.588069
1.8;0.58821
1.9;0.587943
2;0.588226
2.1;0.588235
2.2;0.588783
2.3;0.587836
2.4;0.587414
2.5;0.587732
2.6;0.587515
2.7;0.586911
2.8;0.586926
2.9;0.586388
3;0.587021
3.1;0.587011
3.2;0.586986
3.3;0.586517
3.4;0.586753
3.5;0.586407
3.6;0.586309
3.7;0.585752
3.8;0.585734
3.9;0.585296
4;0.585129
4.1;0.586014
4.2;0.585919
4.3;0.585158
4.4;0.585035
4.5;0.584484
4.6;0.584975
4.7;0.583694
4.8;0.583852
4.9;0.58388
5;0.583886
5.1;0.582577
5.2;0.583178
5.3;0.583206
5.4;0.583087
5.5;0.582523
5.6;0.582508
5.7;0.581815
5.8;0.582231
5.9;0.581973
6;0.582029
6.1;0.582042
6.2;0.582341
6.3;0.582319
6.4;0.58196
6.5;0.580025
6.6;0.581224
6.7;0.579581
6.8;0.579974
6.9;0.579685
7;0.579792
7.1;0.579055
7.2;0.579197
7.3;0.57842
7.4;0.578158
7.5;0.578158
7.6;0.57689
7.7;0.575962
7.8;0.576028
7.9;0.575329
8;0.575483
8.1;0.574542
8.2;0.57509
8.3;0.574923
8.4;0.573353
