Lenlab red 7.0 Logger-Daten
Zeit;Kanal_1
0;0.778196
0.1;0.777327
0.2;0.776925
0.3;0.776969
0.4;0.777271
0.5;0.777727
0.6;0.777991
0.7;0.778202
0.8;0.778558
0.9;0.778404
1;0.778237
1.1;0.778467
1.2;0.778158
1.3;0.777872
1.4;0.777645
1.5;0.778231
1.6;0.77886
1.7;0.778646
1.8;0.778901
1.9;0.778882
2;0.778479
2.1;0.778794
2.2;0.778592
2.3;0.778806
2.4;0.778378
2.5;0.778819
2.6;0.779319
2.7;0.779417
2.8;0.778866
2.9;0.779401
3;0.779373
3.1;0.778995
3.2;0.779021
3.3;0.779493
3.4;0.779757
3.5;0.779949
3.6;0.780006
3.7;0.779987
3.8;0.780106
3.9;0.780553
4;0.780264
4.1;0.780094
4.2;0.780257
4.3;0.7805
4.4;0.780031
4.5;0.780402
4.6;0.7801
4.7;0.781094
4.8;0.780846
4.9;0.780928
5;0.780415
5.1;0.780805
5.2;0.780342
5.3;0.781041
5.4;0.780575
5.5;0.780997
5.6;0.781091
5.7;0.781532
5.8;0.781365
5.9;0.781094
6;0.780452
6.1;0.78077
6.2;0.77993
6.3;0.780128
6.4;0.779247
6.5;0.778778
6.6;0.778448
6.7;0.777806
6.8;0.776893
6.9;0.776434
7;0.774482
7.1;0.77391
7.2;0.772679
7.3;0.771899
7.4;0.770319
7.5;0.769482
7.6;0.769331
7.7;0.768456
7.8;0.767574
7.9;0.767417
8;0.766445
8.1;0.765954
8.2;0.765494
8.3;0.765371
8.4;0.764805
8.5;0.76523
8.6;0.765652
8.7;0.765633
8.8;0.76095
8.9;0.76106
9;0.758807
9.1;0.755675
9.2;0.756581
9.3;0.757264
9.4;0.755965
9.5;0.756629
9.6;0.757655
