Lenlab red 7.0 Logger-Daten
Zeit;Kanal_1
0;0.0644468
1;0.0771675
2;0.0872289
3;0.0952666
4;0.104157
5;0.110149
6;0.116006
7;0.12225
8;0.125961
9;0.13161
10;0.136784
11;0.142521
12;0.147909
13;0.15273
14;0.159383
15;0.164337
16;0.17025
17;0.174451
18;0.178215
19;0.183396
20;0.188617
21;0.192557
22;0.197926
23;0.202905
24;0.208078
25;0.212163
26;0.217051
27;0.221894
28;0.225048
29;0.229592
30;0.234055
31;0.23718
32;0.242662
33;0.246477
34;0.250983
35;0.254524
36;0.258584
37;0.262684
38;0.265784
39;0.269746
40;0.274105
41;0.278423
42;0.282502
43;0.286684
44;0.291509
45;0.295024
46;0.299572
47;0.302716
48;0.305199
49;0.307767
50;0.312173
51;0.315698
52;0.319512
53;0.323046
54;0.327952
55;0.331282
56;0.334231
57;0.33701
58;0.339018
59;0.342577
60;0.345737
61;0.34952
62;0.352988
63;0.356484
64;0.360796
65;0.364116
66;0.366697
67;0.370391
68;0.372144
69;0.375562
70;0.378618
71;0.381759
72;0.384418
73;0.387805
74;0.391694
75;0.3947
76;0.397397
77;0.399959
78;0.401576
79;0.404566
80;0.407685
81;0.410316
82;0.413746
83;0.415962
84;0.419336
85;0.422357
86;0.425595
87;0.428572
88;0.429608
89;0.432598
90;0.435244
91;0.438092
92;0.440462
93;0.442451
94;0.446363
95;0.448428
96;0.450961
97;0.452931
98;0.454373
99;0.457007
100;0.459166
101;0.46225
102;0.463323
103;0.46681
104;0.470121
105;0.472878
106;0.474756
107;0.476497
108;0.478555
109;0.480544
110;0.482703
111;0.485287
112;0.486813
113;0.488572
114;0.492
115;0.49368
116;0.49582
117;0.497998
118;0.499225
119;0.501438
120;0.503688
121;0.505649
122;0.507754
123;0.509875
124;0.512396
125;0.514596
126;0.518058
127;0.518269
128;0.519203
129;0.521192
130;0.52286
131;0.524752
132;0.526555
133;0.528207
134;0.530338
135;0.532736
136;0.534568
137;0.536601
138;0.536878
139;0.53915
140;0.54044
141;0.542681
142;0.543892
143;0.546184
144;0.549306
145;0.550221
146;0.553022
147;0.553929
148;0.554712
149;0.556538
150;0.55808
151;0.559285
152;0.560412
153;0.562114
154;0.565199
155;0.566586
156;0.568475
157;0.570121
158;0.570511
159;0.571521
160;0.573715
161;0.575455
162;0.576912
163;0.578269
164;0.581368
165;0.581642
166;0.582593
167;0.582728
168;0.584487
169;0.585951
170;0.586973
171;0.588689
172;0.590335
173;0.591713
174;0.594042
175;0.595669
176;0.59739
177;0.598269
178;0.598435
179;0.599678
180;0.600336
181;0.601771
182;0.602844
183;0.604342
184;0.606545
185;0.607615
186;0.609567
187;0.610697
188;0.610983
189;0.612182
190;0.613195
191;0.615052
192;0.615823
193;0.617126
194;0.619077
195;0.619996
196;0.621557
197;0.622146
198;0.622077
199;0.623575
200;0.624421
201;0.62573
202;0.626111
203;0.628207
204;0.630684
205;0.631216
206;0.632972
207;0.633781
208;0.633472
209;0.634375
210;0.634813
211;0.636037
212;0.636874
213;0.638146
214;0.640154
215;0.641419
216;0.64213
217;0.643486
218;0.643124
219;0.644497
220;0.64449
221;0.646464
222;0.647751
223;0.648217
224;0.649507
225;0.650668
226;0.6517
227;0.653101
228;0.65261
229;0.65384
230;0.65373
231;0.655795
232;0.656707
233;0.657381
234;0.659921
235;0.660519
236;0.661261
237;0.662375
238;0.661951
239;0.663181
240;0.664034
241;0.665189
242;0.665548
243;0.666121
244;0.668154
245;0.668994
246;0.669689
247;0.670766
248;0.670678
249;0.672471
250;0.672176
251;0.673035
252;0.673982
253;0.674659
254;0.676752
255;0.677384
256;0.67836
257;0.678892
258;0.678457
259;0.679455
260;0.680141
261;0.681532
262;0.681161
263;0.682813
264;0.68359
265;0.683905
266;0.685195
267;0.685362
268;0.685101
269;0.686039
270;0.686829
271;0.687826
272;0.688122
273;0.689038
274;0.691197
275;0.69154
276;0.69272
277;0.692802
278;0.692396
279;0.693192
280;0.693746
281;0.694744
282;0.695257
283;0.696758
284;0.698039
285;0.697299
286;0.699043
287;0.698152
288;0.698442
289;0.69914
290;0.700685
291;0.70049
292;0.701227
293;0.701759
294;0.702819
295;0.704163
296;0.704128
297;0.704821
298;0.704667
299;0.705296
300;0.705098
301;0.706429
302;0.70697
303;0.70765
304;0.709016
305;0.709513
306;0.710297
307;0.710706
308;0.709866
309;0.710152
310;0.710951
311;0.71143
312;0.711609
313;0.712748
314;0.714542
315;0.714939
316;0.715401
317;0.715845
318;0.71605
319;0.715855
320;0.716009
321;0.716761
322;0.716925
323;0.717998
324;0.719172
325;0.719848
326;0.720125
327;0.720673
328;0.720157
329;0.720456
330;0.72105
331;0.721724
332;0.721796
333;0.722202
334;0.724176
335;0.724402
336;0.725161
337;0.72596
338;0.724704
339;0.725113
340;0.72534
341;0.725932
342;0.726432
343;0.727131
344;0.728182
345;0.728764
346;0.729504
347;0.729208
348;0.728789
349;0.729189
350;0.729463
351;0.729283
352;0.730146
353;0.730602
354;0.731726
355;0.732588
356;0.732339
357;0.733255
358;0.732575
359;0.733494
360;0.733837
361;0.734479
362;0.734423
363;0.734983
364;0.736191
365;0.736267
366;0.736903
367;0.737107
368;0.736723
369;0.737157
370;0.737186
371;0.737872
372;0.738309
373;0.73852
374;0.740157
375;0.740292
376;0.74083
377;0.741563
378;0.740418
379;0.740811
380;0.740925
381;0.741183
382;0.74111
383;0.742105
384;0.743464
385;0.743977
386;0.744626
387;0.744314
388;0.743049
389;0.743943
390;0.743946
391;0.744654
392;0.745151
393;0.745645
394;0.74664
395;0.746498
396;0.747433
397;0.747401
398;0.746124
399;0.747213
400;0.74736
401;0.747974
402;0.747748
403;0.748427
404;0.749884
405;0.749019
406;0.751105
407;0.751445
408;0.749938
409;0.749979
410;0.750404
411;0.750334
412;0.750904
413;0.75148
414;0.752887
415;0.752918
416;0.753167
417;0.752843
418;0.752478
419;0.753478
420;0.753022
421;0.753601
422;0.753973
423;0.753711
424;0.755471
425;0.756578
426;0.756273
427;0.756556
428;0.755562
429;0.755987
430;0.755911
431;0.756194
432;0.756235
433;0.756657
434;0.758017
435;0.75857
436;0.759128
437;0.758825
438;0.757771
439;0.757954
440;0.757966
441;0.758731
442;0.759077
443;0.759839
444;0.760695
445;0.761677
446;0.760487
447;0.76095
448;0.760349
449;0.760723
450;0.759625
451;0.761246
452;0.760991
453;0.761123
454;0.762054
455;0.762476
456;0.763342
457;0.763319
458;0.762231
459;0.762718
460;0.762791
461;0.763043
462;0.763593
463;0.764956
464;0.764704
465;0.76546
466;0.765113
467;0.765173
468;0.764305
469;0.764707
470;0.764519
471;0.765038
472;0.766234
473;0.76585
474;0.76669
475;0.766901
476;0.767364
477;0.767316
478;0.766262
479;0.766951
480;0.766967
481;0.767316
482;0.767436
483;0.767571
484;0.768345
485;0.768871
486;0.769088
487;0.769324
488;0.768619
489;0.768899
490;0.768805
491;0.76939
492;0.769132
493;0.769255
494;0.770589
495;0.771663
496;0.7716
497;0.771656
498;0.770142
499;0.770873
500;0.771332
501;0.770976
502;0.770838
503;0.770967
504;0.772405
505;0.772556
506;0.77278
507;0.774347
508;0.772169
509;0.77249
510;0.772465
511;0.772739
512;0.773057
513;0.772943
514;0.774067
515;0.774501
516;0.774331
517;0.775282
518;0.773721
519;0.774253
520;0.774378
521;0.774111
522;0.77581
523;0.774344
524;0.775681
525;0.775977
526;0.776585
527;0.777919
528;0.775294
529;0.775691
530;0.775675
531;0.776031
532;0.775829
533;0.775999
534;0.777456
535;0.777189
536;0.778341
537;0.777853
538;0.776849
539;0.777315
540;0.777142
541;0.777315
542;0.777456
543;0.777705
544;0.779222
545;0.778844
546;0.779206
547;0.779323
548;0.778394
549;0.77857
550;0.779285
551;0.778923
552;0.77864
553;0.779172
554;0.780604
555;0.780544
556;0.780116
557;0.780619
558;0.779877
559;0.779933
560;0.780015
561;0.779996
562;0.781009
563;0.780286
564;0.780836
565;0.781453
566;0.78179
567;0.782297
568;0.781176
569;0.780884
570;0.781173
571;0.781482
572;0.781595
573;0.782781
574;0.7819
575;0.78303
576;0.783527
577;0.783099
578;0.782378
579;0.78258
580;0.782086
581;0.782495
582;0.783489
583;0.782545
584;0.783741
585;0.783801
586;0.785425
587;0.784245
588;0.783354
589;0.783335
590;0.783307
591;0.783319
592;0.783433
593;0.783537
594;0.785154
595;0.784918
596;0.785371
597;0.785072
598;0.784364
599;0.784289
600;0.784034
601;0.784103
602;0.784386
603;0.784427
604;0.742341
605;0.729205
606;0.72083
607;0.712415
608;0.706051
609;0.700566
610;0.695068
611;0.690275
612;0.685217
613;0.680833
614;0.67751
615;0.673513
616;0.669271
617;0.665076
618;0.659704
619;0.6561
620;0.652006
621;0.648078
622;0.644147
623;0.640704
624;0.638168
625;0.634319
626;0.630593
627;0.627298
628;0.622618
629;0.618936
630;0.615527
631;0.612075
632;0.608387
633;0.605346
634;0.602741
635;0.599776
636;0.596849
637;0.592497
638;0.587713
639;0.584594
640;0.581287
641;0.578313
642;0.575093
643;0.571776
644;0.569277
645;0.566146
646;0.563109
647;0.558848
648;0.554873
649;0.551512
650;0.54805
651;0.545287
652;0.541457
653;0.538583
654;0.536374
655;0.533938
656;0.530083
657;0.527509
658;0.522885
659;0.519839
660;0.517003
661;0.514322
662;0.511203
663;0.508226
664;0.506637
665;0.503468
666;0.500865
667;0.4974
668;0.493343
669;0.489752
670;0.487515
671;0.48518
672;0.4818
673;0.47938
674;0.477642
675;0.505129
676;0.525567
677;0.534756
678;0.539345
679;0.544566
680;0.549916
681;0.554382
682;0.557076
683;0.560141
684;0.563521
685;0.565447
686;0.568078
687;0.569982
688;0.570772
689;0.573095
690;0.575191
691;0.578073
692;0.578766
693;0.580258
694;0.582662
695;0.584405
696;0.585771
697;0.587389
698;0.587672
699;0.589428
700;0.591099
701;0.593126
702;0.5947
703;0.596465
704;0.59859
705;0.59999
706;0.601403
707;0.602659
708;0.603748
709;0.604185
710;0.605626
711;0.60732
712;0.608324
713;0.610161
714;0.612516
715;0.613737
716;0.615411
717;0.616512
718;0.616047
719;0.617633
720;0.57532
721;0.56191
722;0.552912
723;0.545284
724;0.541007
725;0.536305
726;0.532207
727;0.52731
728;0.52213
729;0.519332
730;0.515087
731;0.512191
732;0.508664
733;0.505494
734;0.503084
735;0.500185
736;0.496874
737;0.493312
738;0.489627
739;0.48658
740;0.483166
741;0.481114
742;0.477963
743;0.476355
744;0.47301
745;0.470218
746;0.467225
747;0.464582
748;0.460336
749;0.456292
750;0.45435
751;0.452072
752;0.449325
753;0.446785
754;0.445268
755;0.442791
756;0.440173
757;0.437026
758;0.467675
759;0.486964
760;0.496185
761;0.503367
762;0.50805
763;0.51228
764;0.517252
765;0.520343
766;0.523197
767;0.52642
768;0.528708
769;0.530706
770;0.53329
771;0.535505
772;0.537117
773;0.539496
774;0.541831
775;0.543823
776;0.546152
777;0.549057
778;0.55053
779;0.5516
780;0.553564
781;0.555531
782;0.557214
783;0.558898
784;0.561671
785;0.56297
786;0.564947
787;0.566917
788;0.567263
789;0.569822
790;0.570602
791;0.57238
792;0.574489
793;0.576188
794;0.578741
795;0.580308
796;0.543915
797;0.526977
798;0.517158
799;0.510099
800;0.504188
801;0.500481
802;0.494401
803;0.490476
804;0.487672
805;0.484037
806;0.480978
807;0.477271
808;0.473041
809;0.469951
810;0.466731
811;0.463638
812;0.460547
813;0.457872
814;0.455685
815;0.452698
816;0.449834
817;0.447874
818;0.44365
819;0.441038
820;0.436871
821;0.435408
822;0.432535
823;0.430074
824;0.429048
825;0.425365
826;0.422454
827;0.420081
828;0.416553
829;0.414111
830;0.411483
831;0.409224
832;0.441913
833;0.461082
834;0.471225
835;0.47835
836;0.483993
837;0.488085
838;0.491594
839;0.495594
840;0.498926
841;0.502102
842;0.504682
843;0.507597
844;0.510989
845;0.513189
846;0.514715
847;0.517453
848;0.518457
849;0.520531
850;0.523077
851;0.525054
852;0.527027
853;0.528865
854;0.532352
855;0.533919
856;0.535842
857;0.537488
858;0.53813
859;0.540317
860;0.541888
861;0.543729
862;0.545545
863;0.547537
864;0.54996
865;0.552236
866;0.553167
867;0.512997
868;0.498417
869;0.490335
870;0.482568
871;0.477504
872;0.472859
873;0.468742
874;0.465353
875;0.46173
876;0.45835
877;0.45498
878;0.450546
879;0.447719
880;0.444598
881;0.441963
882;0.43887
883;0.435855
884;0.433973
885;0.431282
886;0.428072
887;0.425825
888;0.421982
889;0.419398
890;0.416535
891;0.413954
892;0.411461
893;0.40912
894;0.407908
895;0.405731
896;0.402278
897;0.400179
898;0.39679
899;0.394007
900;0.391257
901;0.388881
902;0.387449
903;0.384988
904;0.382996
905;0.380582
906;0.378574
907;0.375644
908;0.372179
909;0.369894
910;0.367163
911;0.365359
912;0.363156
913;0.36073
914;0.35971
915;0.357589
916;0.355011
917;0.353041
918;0.349321
919;0.34754
920;0.345243
921;0.343021
922;0.340519
923;0.338473
924;0.337249
925;0.335399
926;0.334052
927;0.331934
928;0.328053
929;0.32636
930;0.324063
931;0.321938
932;0.320138
933;0.317214
934;0.317394
935;0.315197
936;0.313737
937;0.311786
938;0.308248
939;0.306316
940;0.304595
941;0.302656
942;0.300541
943;0.29898
944;0.299068
945;0.296019
946;0.294848
947;0.292327
948;0.289274
949;0.287499
950;0.285979
951;0.28416
952;0.281954
953;0.280695
954;0.280163
955;0.278004
956;0.276255
957;0.275049
958;0.271622
959;0.269429
960;0.268299
961;0.266713
962;0.264403
963;0.262772
964;0.262845
965;0.261092
966;0.258838
967;0.257079
968;0.255115
969;0.252862
970;0.250722
971;0.249554
972;0.247984
973;0.246659
974;0.246439
975;0.244632
976;0.242905
977;0.242134
978;0.238879
979;0.237202
980;0.235685
981;0.234253
982;0.232793
983;0.232025
984;0.230637
985;0.229306
986;0.227723
987;0.226178
988;0.22365
989;0.222285
990;0.220632
991;0.219137
992;0.217687
993;0.216481
994;0.216044
995;0.214448
996;0.212947
997;0.211975
998;0.20934
999;0.207868
1000;0.206851
1001;0.205639
1002;0.204308
1003;0.203374
1004;0.203008
1005;0.201466
1006;0.200746
1007;0.199244
1008;0.196683
1009;0.195358
1010;0.194162
1011;0.192963
1012;0.191632
1013;0.19053
1014;0.190181
1015;0.188636
1016;0.18732
1017;0.186527
1018;0.183839
1019;0.182974
1020;0.181715
1021;0.180507
1022;0.178779
1023;0.177967
1024;0.178385
1025;0.177032
1026;0.17627
1027;0.174848
1028;0.172132
1029;0.17099
1030;0.169353
1031;0.168856
1032;0.167383
1033;0.166637
1034;0.166791
1035;0.165271
1036;0.164793
1037;0.163503
1038;0.160799
1039;0.159808
1040;0.158983
1041;0.158212
1042;0.157073
1043;0.155663
1044;0.156856
1045;0.15509
1046;0.154052
1047;0.152761
1048;0.150691
1049;0.149872
1050;0.14856
1051;0.186222
1052;0.206653
1053;0.218854
1054;0.22906
1055;0.237048
1056;0.243235
1057;0.248223
1058;0.252513
1059;0.257894
1060;0.26242
1061;0.267518
1062;0.27189
1063;0.276299
1064;0.281617
1065;0.285551
1066;0.289633
1067;0.293322
1068;0.296229
1069;0.300229
1070;0.303981
1071;0.307767
1072;0.311194
1073;0.314599
1074;0.320211
1075;0.323304
1076;0.327084
1077;0.330366
1078;0.332786
1079;0.336185
1080;0.339606
1081;0.343207
1082;0.346668
1083;0.350193
1084;0.354993
1085;0.357705
1086;0.361746
1087;0.36461
1088;0.366502
1089;0.369548
1090;0.372746
1091;0.375389
1092;0.379203
1093;0.383232
1094;0.387273
1095;0.389674
1096;0.392506
1097;0.395827
1098;0.398313
1099;0.400799
1100;0.403603
1101;0.406665
1102;0.409299
1103;0.412078
1104;0.416163
1105;0.41831
1106;0.42146
1107;0.423307
1108;0.425913
1109;0.428355
1110;0.431273
1111;0.434203
1112;0.436339
1113;0.439301
1114;0.443358
1115;0.408418
1116;0.391282
1117;0.381233
1118;0.374329
1119;0.368982
1120;0.364799
1121;0.361982
1122;0.357586
1123;0.355033
1124;0.352182
1125;0.349321
1126;0.347276
1127;0.344182
1128;0.341076
1129;0.338284
1130;0.335886
1131;0.334121
1132;0.331751
1133;0.329649
1134;0.329095
1135;0.326665
1136;0.322964
1137;0.321699
1138;0.318527
1139;0.316488
1140;0.314162
1141;0.312176
1142;0.310448
1143;0.308525
1144;0.307899
1145;0.306259
1146;0.304047
1147;0.301743
1148;0.298574
1149;0.297262
1150;0.294168
1151;0.293277
1152;0.290691
1153;0.289032
1154;0.288579
1155;0.287015
1156;0.284988
1157;0.282684
1158;0.280091
1159;0.278517
1160;0.276717
1161;0.27476
1162;0.273085
1163;0.271329
1164;0.270706
1165;0.268601
1166;0.26743
1167;0.26552
1168;0.262319
1169;0.260113
1170;0.259059
1171;0.257281
1172;0.255688
1173;0.254373
1174;0.253592
1175;0.251572
1176;0.250225
1177;0.24889
1178;0.245608
1179;0.245126
1180;0.243081
1181;0.241602
1182;0.239993
1183;0.238653
1184;0.23858
1185;0.236189
1186;0.234996
1187;0.233331
1188;0.230064
1189;0.229249
1190;0.227672
1191;0.22592
1192;0.22439
1193;0.222977
1194;0.223106
1195;0.221337
1196;0.2187
1197;0.21802
1198;0.215805
1199;0.214316
1200;0.212827
1201;0.211326
1202;0.210067
1203;0.209734
1204;0.208563
1205;0.206942
1206;0.205907
1207;0.204796
1208;0.202763
1209;0.201309
1210;0.199912
1211;0.198502
1212;0.197624
1213;0.195978
1214;0.196274
1215;0.194237
1216;0.193488
1217;0.191613
1218;0.189778
1219;0.188535
1220;0.188529
1221;0.185665
1222;0.184601
1223;0.183521
1224;0.182968
1225;0.181835
1226;0.180856
1227;0.179934
1228;0.177422
1229;0.176377
1230;0.174722
1231;0.173866
1232;0.172377
1233;0.171314
1234;0.171798
1235;0.170379
1236;0.169567
1237;0.167166
1238;0.165854
1239;0.165073
1240;0.16383
1241;0.162697
1242;0.161117
1243;0.160412
1244;0.160072
1245;0.159414
1246;0.15881
1247;0.157278
1248;0.155301
1249;0.153998
1250;0.153114
1251;0.152088
1252;0.150964
1253;0.149986
1254;0.14991
1255;0.149485
1256;0.149337
1257;0.148009
1258;0.145488
1259;0.144582
1260;0.143402
1261;0.1427
1262;0.141759
1263;0.140824
1264;0.140994
1265;0.139956
1266;0.139235
1267;0.138344
1268;0.136195
1269;0.135364
1270;0.134263
1271;0.132396
1272;0.132437
1273;0.132601
1274;0.132019
1275;0.130533
1276;0.129951
1277;0.129608
1278;0.12648
1279;0.126946
1280;0.125457
1281;0.125001
1282;0.123877
1283;0.123433
1284;0.123965
1285;0.123034
1286;0.122127
1287;0.121482
1288;0.119358
1289;0.118672
1290;0.118068
1291;0.117234
1292;0.116208
1293;0.115474
1294;0.115449
1295;0.11419
1296;0.114351
1297;0.11346
1298;0.112072
1299;0.110968
1300;0.109142
1301;0.109416
1302;0.108799
1303;0.108006
1304;0.108242
1305;0.107736
1306;0.106694
1307;0.106728
1308;0.103751
1309;0.103839
1310;0.103326
1311;0.102606
1312;0.101816
1313;0.101416
1314;0.1022
1315;0.101076
1316;0.100195
1317;0.10011
1318;0.0990684
1319;0.0976994
1320;0.0966608
1321;0.0963052
1322;0.0957985
1323;0.0950558
1324;0.0953201
1325;0.0954932
1326;0.0947883
1327;0.0925758
1328;0.0917859
1329;0.0916474
1330;0.0908449
1331;0.0900298
1332;0.0895735
1333;0.0892871
1334;0.0897308
1335;0.0888968
1336;0.0888182
1337;0.0875058
1338;0.0859291
1339;0.0856616
1340;0.0850479
1341;0.0847395
1342;0.0837261
1343;0.0823225
1344;0.0844122
1345;0.0832415
1346;0.0835341
1347;0.0810762
1348;0.080343
1349;0.0797576
1350;0.0794114
1351;0.0781179
1352;0.0784169
1353;0.0788072
1354;0.0788449
1355;0.0779574
1356;0.0761699
1357;0.077221
1358;0.0750023
1359;0.0753516
1360;0.0741179
1361;0.0755247
1362;0.0734854
1363;0.0728969
1364;0.0738064
1365;0.0730196
1366;0.0729944
1367;0.0721006
1368;0.0707348
1369;0.0702092
1370;0.0697686
1371;0.0690951
1372;0.0690385
1373;0.0688874
1374;0.0688811
1375;0.0692871
1376;0.0684185
1377;0.0683619
1378;0.0664547
1379;0.0658379
1380;0.0655169
1381;0.0649913
1382;0.0645475
1383;0.0643052
1384;0.0646136
1385;0.0642045
1386;0.0636412
1387;0.0633831
1388;0.0623477
1389;0.0610763
1390;0.0614697
1391;0.061114
1392;0.061797
1393;0.0600251
1394;0.0605161
1395;0.0603178
1396;0.0598929
1397;0.0596443
1398;0.0575672
1399;0.0575106
1400;0.0571235
1401;0.0568591
1402;0.0564248
1403;0.0559905
1404;0.0569032
1405;0.0554586
1406;0.0561856
1407;0.0558017
1408;0.0544138
1409;0.0536742
1410;0.0545806
1411;0.0531801
1412;0.0529284
1413;0.0516538
1414;0.053712
1415;0.0527112
1416;0.0526011
1417;0.0521321
1418;0.0507915
1419;0.0505334
1420;0.0998205
1421;0.116384
1422;0.126813
1423;0.135698
1424;0.144654
1425;0.151408
1426;0.158077
1427;0.163691
1428;0.168437
1429;0.174304
1430;0.179071
1431;0.184412
1432;0.189646
1433;0.194813
1434;0.200651
1435;0.204862
1436;0.209218
1437;0.213643
1438;0.217123
1439;0.221699
1440;0.225775
1441;0.23036
1442;0.233759
1443;0.238511
1444;0.243789
1445;0.247251
1446;0.251767
1447;0.255402
1448;0.25791
1449;0.262395
1450;0.266653
1451;0.270549
1452;0.274332
1453;0.278816
1454;0.283606
1455;0.287263
1456;0.29025
1457;0.294316
1458;0.29762
1459;0.301366
1460;0.305054
1461;0.308676
1462;0.312358
1463;0.31588
1464;0.320739
1465;0.324387
1466;0.328698
1467;0.33075
1468;0.333856
1469;0.337057
1470;0.340437
1471;0.343902
1472;0.347181
1473;0.350442
1474;0.355159
1475;0.357919
1476;0.361397
1477;0.364434
1478;0.366225
1479;0.369513
1480;0.372229
1481;0.375694
1482;0.378511
1483;0.382055
1484;0.385513
1485;0.388613
1486;0.391436
1487;0.394621
1488;0.396412
1489;0.399524
1490;0.402026
1491;0.404475
1492;0.407336
1493;0.410442
1494;0.413743
1495;0.416654
1496;0.419339
1497;0.421328
1498;0.423795
1499;0.426237
1500;0.428922
1501;0.431144
1502;0.43414
1503;0.437265
1504;0.442007
1505;0.44338
1506;0.445778
1507;0.448135
1508;0.448852
1509;0.451826
1510;0.453963
1511;0.456575
1512;0.458546
1513;0.462121
1514;0.46602
1515;0.468173
1516;0.470133
1517;0.471735
1518;0.474086
1519;0.476585
1520;0.478804
1521;0.480963
1522;0.48303
1523;0.48569
1524;0.488497
1525;0.4908
1526;0.492248
1527;0.494867
1528;0.494955
1529;0.498096
1530;0.499981
1531;0.502127
1532;0.5041
1533;0.506571
1534;0.509699
1535;0.511159
1536;0.512846
1537;0.514621
1538;0.515036
1539;0.516736
1540;0.518571
1541;0.520428
1542;0.522728
1543;0.524893
1544;0.528069
1545;0.529529
1546;0.531509
1547;0.533724
1548;0.534055
1549;0.536349
1550;0.537674
1551;0.53959
1552;0.541117
1553;0.543143
1554;0.545387
1555;0.547848
1556;0.549435
1557;0.551329
1558;0.551977
1559;0.553516
1560;0.555049
1561;0.556434
1562;0.558089
1563;0.559955
1564;0.56258
1565;0.564402
1566;0.565715
1567;0.567663
1568;0.567405
1569;0.568909
1570;0.570665
1571;0.572069
1572;0.573318
1573;0.575285
1574;0.577104
1575;0.57869
1576;0.58083
1577;0.581768
1578;0.582026
1579;0.583121
1580;0.58461
1581;0.586495
1582;0.586646
1583;0.590794
1584;0.591905
1585;0.593394
1586;0.594558
1587;0.596103
1588;0.596113
1589;0.597378
1590;0.598615
1591;0.60028
1592;0.601372
1593;0.603106
1594;0.605098
1595;0.606243
1596;0.6081
1597;0.608764
1598;0.608091
1599;0.610401
1600;0.611361
1601;0.612682
1602;0.613438
1603;0.614778
1604;0.617702
1605;0.617941
1606;0.619571
1607;0.620758
1608;0.619874
1609;0.621768
1610;0.622785
1611;0.623565
1612;0.625088
1613;0.62715
1614;0.628714
1615;0.629431
1616;0.630583
1617;0.63204
1618;0.631921
1619;0.633252
1620;0.634187
1621;0.635276
1622;0.635877
1623;0.637066
1624;0.639962
1625;0.639936
1626;0.641305
1627;0.643631
1628;0.642007
1629;0.643052
1630;0.643996
1631;0.645334
1632;0.645809
1633;0.647021
1634;0.649365
1635;0.650454
1636;0.651836
1637;0.652465
1638;0.651811
1639;0.653047
1640;0.653922
1641;0.654999
1642;0.655675
1643;0.656846
1644;0.65897
1645;0.6597
1646;0.661576
1647;0.66151
1648;0.661324
1649;0.662539
1650;0.663124
1651;0.664283
1652;0.665066
1653;0.665796
1654;0.667713
1655;0.669006
1656;0.669601
1657;0.670533
1658;0.67018
1659;0.670967
1660;0.671873
1661;0.672556
1662;0.673475
1663;0.674165
1664;0.676493
1665;0.676981
1666;0.677192
1667;0.677828
1668;0.678577
1669;0.678611
1670;0.679049
1671;0.680229
1672;0.680305
1673;0.681608
1674;0.683773
1675;0.684723
1676;0.684921
1677;0.685491
1678;0.684978
1679;0.686375
1680;0.686747
1681;0.68776
1682;0.688216
1683;0.689006
1684;0.691165
1685;0.692021
1686;0.691924
1687;0.692597
1688;0.692537
1689;0.693378
1690;0.693906
1691;0.694637
1692;0.695335
1693;0.695811
1694;0.697365
1695;0.697535
1696;0.698722
1697;0.699187
1698;0.699036
1699;0.700128
1700;0.70055
1701;0.701463
1702;0.703106
1703;0.702838
1704;0.704566
1705;0.704434
1706;0.705327
1707;0.705853
1708;0.705545
1709;0.706287
1710;0.706725
1711;0.707275
1712;0.709132
1713;0.708522
1714;0.710105
1715;0.71063
1716;0.710624
1717;0.712059
1718;0.711159
1719;0.711565
1720;0.712437
1721;0.713069
1722;0.713604
1723;0.714413
1724;0.715751
1725;0.675735
1726;0.661563
1727;0.652519
1728;0.643175
1729;0.63712
1730;0.631722
1731;0.626788
1732;0.621661
1733;0.617519
1734;0.614448
1735;0.610158
1736;0.606737
1737;0.601636
1738;0.597922
1739;0.594313
1740;0.590127
1741;0.587008
1742;0.58326
1743;0.580292
1744;0.577982
1745;0.574259
1746;0.571638
1747;0.568091
1748;0.562841
1749;0.559801
1750;0.556355
1751;0.553422
1752;0.549498
1753;0.54652
1754;0.543968
1755;0.541284
1756;0.538184
1757;0.534741
1758;0.529756
1759;0.527439
1760;0.523981
1761;0.521007
1762;0.518473
1763;0.515219
1764;0.513145
1765;0.510073
1766;0.507436
1767;0.504553
1768;0.500132
1769;0.496963
1770;0.494221
1771;0.491191
1772;0.488431
1773;0.485488
1774;0.483719
1775;0.48083
1776;0.478741
1777;0.47476
1778;0.471229
1779;0.468138
1780;0.465425
1781;0.462801
1782;0.459786
1783;0.456978
1784;0.456535
1785;0.452097
1786;0.449557
1787;0.447144
1788;0.443543
1789;0.441079
1790;0.438045
1791;0.4356
1792;0.43261
1793;0.429894
1794;0.428308
1795;0.425532
1796;0.423581
1797;0.420314
1798;0.416852
1799;0.414306
1800;0.411666
1801;0.409337
1802;0.407295
1803;0.40484
1804;0.402882
1805;0.400701
1806;0.398782
1807;0.395638
1808;0.392034
1809;0.389592
1810;0.387238
1811;0.384881
1812;0.382395
1813;0.379698
1814;0.378933
1815;0.376764
1816;0.373957
1817;0.372126
1818;0.368163
1819;0.366256
1820;0.364406
1821;0.363229
1822;0.359688
1823;0.357523
1824;0.356308
1825;0.354001
1826;0.352258
1827;0.349683
1828;0.346074
1829;0.344198
1830;0.341882
1831;0.33982
1832;0.337743
1833;0.335764
1834;0.334313
1835;0.332837
1836;0.33036
1837;0.32817
1838;0.325199
1839;0.323559
1840;0.321299
1841;0.319304
1842;0.316906
1843;0.314848
1844;0.314011
1845;0.311776
1846;0.31013
1847;0.308041
1848;0.305372
1849;0.303657
1850;0.301602
1851;0.299666
1852;0.298099
1853;0.29634
1854;0.295134
1855;0.293564
1856;0.291553
1857;0.288846
1858;0.286593
1859;0.284809
1860;0.282829
1861;0.281668
1862;0.279628
1863;0.278275
1864;0.277312
1865;0.275226
1866;0.274058
1867;0.272113
1868;0.268815
1869;0.267905
1870;0.265696
1871;0.263635
1872;0.261979
1873;0.260708
1874;0.259805
1875;0.258244
1876;0.256761
1877;0.254917
1878;0.251993
1879;0.250146
1880;0.248506
1881;0.248746
1882;0.246206
1883;0.244337
1884;0.243474
1885;0.242036
1886;0.240645
1887;0.239603
1888;0.236894
1889;0.235235
1890;0.233488
1891;0.232129
1892;0.229957
1893;0.229019
1894;0.229019
1895;0.227052
1896;0.225828
1897;0.223927
1898;0.221388
1899;0.219861
1900;0.218857
1901;0.217155
1902;0.215915
1903;0.214269
1904;0.21437
1905;0.212613
1906;0.210861
1907;0.209894
1908;0.206936
1909;0.206473
1910;0.204881
1911;0.204308
1912;0.202577
1913;0.201372
1914;0.201375
1915;0.199783
1916;0.198433
1917;0.1973
1918;0.19487
1919;0.193721
1920;0.192758
1921;0.191185
1922;0.189724
1923;0.18828
1924;0.189514
1925;0.187141
1926;0.186011
1927;0.184768
1928;0.181639
1929;0.181287
1930;0.179436
1931;0.178942
1932;0.177199
1933;0.176264
1934;0.176025
1935;0.175562
1936;0.173916
1937;0.173268
1938;0.170596
1939;0.169331
1940;0.167953
1941;0.167241
1942;0.16609
1943;0.165048
1944;0.164947
1945;0.163597
1946;0.162845
1947;0.161863
1948;0.159534
1949;0.158297
1950;0.157573
1951;0.156412
1952;0.155235
1953;0.155392
1954;0.154146
1955;0.15335
1956;0.152604
1957;0.150637
1958;0.1489
1959;0.148648
1960;0.147477
1961;0.146489
1962;0.14591
1963;0.144777
1964;0.145227
1965;0.144113
1966;0.143043
1967;0.142222
1968;0.13971
1969;0.139071
1970;0.137957
1971;0.137403
1972;0.136585
1973;0.135175
1974;0.136157
1975;0.134492
1976;0.134149
1977;0.132887
1978;0.130986
1979;0.130159
1980;0.12923
1981;0.128469
1982;0.127232
1983;0.126782
1984;0.127304
1985;0.126077
1986;0.125542
1987;0.124717
1988;0.122839
1989;0.121983
1990;0.12175
1991;0.120356
1992;0.119544
1993;0.118946
1994;0.119216
1995;0.117803
1996;0.118168
1997;0.117095
1998;0.115002
1999;0.114524
2000;0.113595
2001;0.112894
2002;0.112755
2003;0.111411
2004;0.112223
2005;0.111169
2006;0.110467
2007;0.109671
2008;0.107625
2009;0.107078
2010;0.106187
2011;0.105797
2012;0.10479
2013;0.104919
2014;0.104806
2015;0.103474
2016;0.104091
2017;0.102404
2018;0.101155
2019;0.100289
2020;0.0993736
2021;0.0990337
2022;0.0984956
2023;0.0979511
2024;0.0986813
2025;0.0976616
2026;0.0972651
2027;0.0951848
2028;0.0948292
2029;0.0939952
2030;0.0934759
2031;0.0927678
2032;0.0925853
2033;0.0913799
2034;0.0918961
2035;0.0912792
2036;0.0916002
2037;0.0897843
2038;0.0884531
2039;0.0886105
2040;0.0877954
2041;0.0872918
2042;0.0860361
2043;0.0857906
2044;0.0865932
2045;0.0858064
2046;0.085841
2047;0.0850794
2048;0.0829834
2049;0.0823382
2050;0.0814885
2051;0.0813028
2052;0.0805727
2053;0.0815672
2054;0.0807867
2055;0.0804185
2056;0.0793516
2057;0.0791974
2058;0.07735
2059;0.0770731
2060;0.076044
2061;0.0762643
2062;0.0754523
2063;0.0751911
2064;0.0756286
2065;0.0752194
2066;0.0750212
2067;0.0742344
2068;0.0728559
2069;0.0725412
2070;0.0716947
2071;0.0713453
2072;0.0707222
2073;0.0706593
2074;0.0713988
2075;0.0703855
2076;0.0700424
2077;0.0699417
2078;0.068236
2079;0.0691581
2080;0.0674649
2081;0.067188
2082;0.0663697
2083;0.0662438
2084;0.0663257
2085;0.0667191
2086;0.0662092
2087;0.0656301
2088;0.0639685
2089;0.0637828
2090;0.0631722
2091;0.0631408
2092;0.0635373
2093;0.062354
2094;0.063081
2095;0.0621148
2096;0.0625648
2097;0.0612934
2098;0.0599464
2099;0.0598048
2100;0.0600377
2101;0.058974
2102;0.0580204
2103;0.05814
2104;0.0585523
2105;0.0581966
2106;0.0577875
2107;0.0577623
2108;0.0561132
2109;0.0550684
2110;0.0551785
2111;0.0551093
2112;0.0549582
2113;0.0544484
2114;0.0551376
2115;0.0546121
2116;0.0543697
2117;0.0540991
2118;0.0525822
2119;0.0523745
2120;0.0519968
2121;0.0517513
2122;0.0508481
2123;0.0511219
2124;0.0520125
2125;0.0511848
2126;0.051081
2127;0.0505208
2128;0.0488749
2129;0.0491266
2130;0.0482643
2131;0.0487269
2132;0.0477671
2133;0.0490385
2134;0.0490385
2135;0.0480535
2136;0.0483902
2137;0.0475436
2138;0.0485381
2139;0.0457183
2140;0.0450857
2141;0.0455609
2142;0.0446609
2143;0.0443052
2144;0.0451707
2145;0.0449189
2146;0.0444815
2147;0.0433548
2148;0.0425743
2149;0.0427222
2150;0.0421935
2151;0.0430527
2152;0.0418159
2153;0.0415609
2154;0.0424201
2155;0.0425712
2156;0.0422785
2157;0.0414382
2158;0.0401573
2159;0.0408371
2160;0.0395657
2161;0.039745
2162;0.0390716
2163;0.0390181
2164;0.039786
2165;0.0392006
2166;0.0387694
2167;0.0387443
2168;0.0373847
2169;0.0376459
2170;0.037092
2171;0.0370668
2172;0.0367553
2173;0.036579
2174;0.037413
2175;0.0366262
2176;0.0372148
2177;0.0367301
2178;0.03538
2179;0.0351534
2180;0.034889
2181;0.0344956
2182;0.0346782
2183;0.0352541
2184;0.0348135
2185;0.0350369
2186;0.0344673
2187;0.033155
2188;0.0326388
2189;0.0327018
2190;0.0323839
2191;0.0326797
2192;0.0312132
2193;0.0317388
2194;0.0326451
2195;0.0329063
2196;0.0332997
2197;0.0326388
2198;0.0310936
2199;0.0306467
2200;0.0306561
2201;0.0305649
2202;0.0302628
2203;0.0299575
2204;0.0307883
2205;0.0307222
2206;0.0304233
2207;0.0301935
2208;0.0293375
2209;0.0286546
2210;0.0286672
2211;0.0283839
2212;0.0283902
2213;0.0277797
2214;0.0286137
2215;0.0288528
2216;0.0286357
2217;0.0283399
2218;0.0272667
2219;0.0265964
2220;0.0265554
2221;0.0263572
2222;0.026203
2223;0.0260928
2224;0.0271754
2225;0.0269425
2226;0.0263005
2227;0.0264296
2228;0.0248654
2229;0.0252714
2230;0.024664
2231;0.0258631
2232;0.025627
2233;0.0247647
2234;0.0252116
2235;0.0252211
2236;0.025627
2237;0.0254162
2238;0.0234838
2239;0.023616
2240;0.0232761
2241;0.0228072
2242;0.0229394
2243;0.0233454
2244;0.0243839
2245;0.0239905
2246;0.0236601
2247;0.0252242
2248;0.0222974
2249;0.0224673
2250;0.0218725
2251;0.0223383
2252;0.0215421
2253;0.021819
2254;0.0229142
2255;0.0225019
2256;0.0222407
2257;0.0221148
2258;0.0207773
2259;0.0208812
2260;0.0204154
2261;0.0206011
2262;0.0200912
2263;0.0208938
2264;0.0209221
2265;0.0211392
2266;0.0212966
2267;0.0208843
2268;0.0193737
2269;0.0192069
2270;0.0192824
2271;0.01893
2272;0.0189394
2273;0.0185397
2274;0.0206168
2275;0.0198741
2276;0.0201888
2277;0.0198426
2278;0.0183603
2279;0.018096
2280;0.0179638
2281;0.0176208
2282;0.0179764
2283;0.0175893
2284;0.0189992
2285;0.0187097
2286;0.0187222
2287;0.0182533
2288;0.0168308
2289;0.0167805
2290;0.0169693
2291;0.0167836
2292;0.0167112
2293;0.0164532
2294;0.0173627
2295;0.0183509
2296;0.0171078
2297;0.0173658
2298;0.0160157
2299;0.0161857
2300;0.0158898
2301;0.0159056
2302;0.0161385
2303;0.0155311
2304;0.0165035
2305;0.0163776
2306;0.0163556
2307;0.0162266
2308;0.0156223
2309;0.0154744
2310;0.0146845
2311;0.0150464
2312;0.0147097
2313;0.0148387
2314;0.0154304
2315;0.0158678
