Lenlab red 7.0 Logger-Daten
Zeit;Kanal_1
0;0.91926
1;0.92747
2;0.923892
3;0.918718
4;0.911839
5;0.906828
6;0.89869
7;0.892465
8;0.886888
9;0.879713
10;0.877872
11;0.870895
12;0.868487
13;0.862319
14;0.859515
15;0.857356
16;0.853006
17;0.85013
18;0.848553
19;0.84962
20;0.847341
21;0.848773
22;0.848707
23;0.849053
24;0.847408
25;0.848172
26;0.847754
27;0.845913
28;0.84353
29;0.841504
30;0.840147
31;0.83824
32;0.834973
33;0.830828
34;0.829784
35;0.827068
36;0.822854
37;0.82455
38;0.822614
39;0.822234
40;0.821085
41;0.821183
42;0.821268
43;0.821054
44;0.819593
45;0.821038
46;0.821148
47;0.821522
48;0.8215
49;0.822967
50;0.824619
51;0.827905
52;0.829283
53;0.832336
54;0.834328
55;0.835678
56;0.835955
57;0.836685
58;0.833982
59;0.838404
60;0.838017
61;0.837755
62;0.838101
63;0.838372
64;0.83649
65;0.836358
66;0.836141
67;0.833966
68;0.833343
69;0.830637
70;0.825208
71;0.824062
72;0.822139
73;0.819341
74;0.812814
75;0.808603
76;0.808437
77;0.817941
78;0.83334
79;0.845695
80;0.854766
81;0.859974
82;0.861526
83;0.860163
84;0.858142
85;0.856301
86;0.853607
87;0.851143
88;0.849692
89;0.846901
90;0.845494
91;0.84302
92;0.84067
93;0.838649
94;0.835873
95;0.830967
96;0.827244
97;0.826054
98;0.821337
99;0.818076
100;0.812726
101;0.807511
102;0.807222
103;0.812408
104;0.824569
105;0.834054
106;0.842495
107;0.849047
108;0.852245
109;0.85266
110;0.851074
111;0.850482
112;0.850589
113;0.849227
114;0.848119
115;0.846325
116;0.843552
117;0.842718
118;0.840884
119;0.838841
120;0.836773
121;0.834788
122;0.832736
123;0.830344
124;0.827401
125;0.823735
126;0.821482
127;0.818696
128;0.81587
129;0.811555
130;0.806029
131;0.803779
132;0.800959
133;0.80426
134;0.817541
135;0.830608
136;0.840597
137;0.844418
138;0.847181
139;0.847181
140;0.845195
141;0.844301
142;0.844188
143;0.843228
144;0.841223
145;0.839631
146;0.836714
147;0.834841
148;0.832591
149;0.830212
150;0.82754
151;0.824915
152;0.822819
153;0.821607
154;0.816654
155;0.811867
156;0.809642
157;0.803124
158;0.801145
159;0.800594
160;0.808037
161;0.819716
162;0.830548
163;0.83705
164;0.841815
165;0.843502
166;0.843096
167;0.8423
168;0.841847
169;0.840641
170;0.839543
171;0.838306
172;0.83785
173;0.836981
174;0.835622
175;0.834498
176;0.8312
177;0.830205
178;0.827329
179;0.827508
180;0.825183
181;0.823971
182;0.8232
183;0.821463
184;0.819433
185;0.818602
186;0.813482
187;0.809308
188;0.805478
189;0.799266
190;0.793167
191;0.799093
192;0.814574
193;0.829293
194;0.838948
195;0.84055
196;0.83807
197;0.836062
198;0.834687
199;0.831757
200;0.830218
201;0.826391
202;0.824175
203;0.821708
204;0.818781
205;0.815345
206;0.808717
207;0.803965
208;0.799401
209;0.793629
210;0.797749
211;0.815952
212;0.830596
213;0.839024
214;0.839168
215;0.837689
216;0.835266
217;0.833837
218;0.832616
219;0.831178
220;0.829623
221;0.82698
222;0.826315
223;0.824201
224;0.822608
225;0.82095
226;0.817242
227;0.815713
228;0.813696
229;0.811401
230;0.809072
231;0.808113
232;0.803367
233;0.798567
234;0.794076
235;0.795911
236;0.804603
237;0.820191
238;0.829988
239;0.835499
240;0.836072
241;0.834526
242;0.834529
243;0.832868
244;0.831002
245;0.830297
246;0.828213
247;0.82714
248;0.825239
249;0.824522
250;0.823798
251;0.82257
252;0.822775
253;0.82219
254;0.820698
255;0.819256
256;0.817522
257;0.816714
258;0.817233
259;0.814923
260;0.81395
261;0.811757
262;0.812761
263;0.810986
264;0.810649
265;0.808566
266;0.8055
267;0.804119
268;0.797661
269;0.794608
270;0.792522
271;0.79469
272;0.804279
273;0.820037
274;0.82984
275;0.835738
276;0.832868
277;0.83193
278;0.829387
279;0.827096
280;0.824059
281;0.823398
282;0.820002
283;0.818948
284;0.816251
285;0.811505
286;0.807212
287;0.801818
288;0.799263
289;0.793623
290;0.797727
291;0.817629
292;0.82996
293;0.834111
294;0.833658
295;0.83312
296;0.8308
297;0.828613
298;0.827549
299;0.826441
300;0.823102
301;0.823555
302;0.821894
303;0.822309
304;0.81937
305;0.81802
306;0.815603
307;0.812764
308;0.80996
309;0.807386
310;0.804078
311;0.801573
312;0.798693
313;0.794533
314;0.79458
315;0.801551
316;0.811099
317;0.823732
318;0.830265
319;0.832959
320;0.831864
321;0.831669
322;0.831017
323;0.828956
324;0.827914
325;0.825592
326;0.823027
327;0.82117
328;0.820682
329;0.819291
330;0.81795
331;0.81852
332;0.817954
333;0.816654
334;0.816242
335;0.816484
336;0.814533
337;0.814816
338;0.813566
339;0.812707
340;0.811464
341;0.811458
342;0.811971
343;0.812216
344;0.810161
345;0.809894
346;0.808553
347;0.805941
348;0.80478
349;0.803584
350;0.802029
351;0.800531
352;0.800412
353;0.798199
354;0.795134
355;0.79463
356;0.792106
357;0.791606
358;0.792572
359;0.791792
360;0.790202
361;0.791637
362;0.793472
363;0.793343
364;0.79346
365;0.795656
366;0.795077
367;0.798536
368;0.805245
369;0.809903
370;0.817183
371;0.821393
372;0.825658
373;0.828327
374;0.83081
375;0.831691
376;0.830725
377;0.83018
378;0.829642
379;0.828663
380;0.828644
381;0.827713
382;0.828912
383;0.827609
384;0.824695
385;0.826127
386;0.823675
387;0.822835
388;0.821727
389;0.821063
390;0.820006
391;0.818788
392;0.818992
393;0.817387
394;0.81621
395;0.814347
396;0.811127
397;0.809104
398;0.806592
399;0.805535
400;0.800868
401;0.801069
402;0.799426
403;0.798316
404;0.794542
405;0.79255
406;0.791644
407;0.789167
408;0.79126
409;0.787971
410;0.79312
411;0.795732
412;0.797494
413;0.802473
414;0.808345
415;0.815924
416;0.821582
417;0.824087
418;0.828286
419;0.829689
420;0.8299
421;0.82912
422;0.828742
423;0.827426
424;0.826186
425;0.825101
426;0.82303
427;0.820717
428;0.820304
429;0.818142
430;0.817551
431;0.818844
432;0.818338
433;0.816449
434;0.816792
435;0.815124
436;0.811773
437;0.811858
438;0.810599
439;0.808216
440;0.806577
441;0.806281
442;0.809337
443;0.808393
444;0.80613
445;0.804566
446;0.805494
447;0.804238
448;0.80601
449;0.801831
450;0.802174
451;0.802448
452;0.801522
453;0.800427
454;0.800745
455;0.797415
456;0.796714
457;0.793998
458;0.796509
459;0.795301
460;0.793651
461;0.791467
462;0.792031
463;0.788006
464;0.790976
465;0.792959
466;0.796072
467;0.803049
468;0.806813
469;0.812679
470;0.81362
471;0.818605
472;0.824814
473;0.824751
474;0.82488
475;0.82612
476;0.824899
477;0.825195
478;0.825343
479;0.824714
480;0.824588
481;0.825107
482;0.82612
483;0.825944
484;0.82658
485;0.825969
486;0.826035
487;0.82737
488;0.827131
489;0.828157
490;0.828884
491;0.82736
492;0.828358
493;0.827172
494;0.826876
495;0.825913
496;0.825189
497;0.824254
498;0.823493
499;0.822803
500;0.822489
501;0.822133
502;0.822659
503;0.820585
504;0.821384
505;0.81919
506;0.8183
507;0.817837
508;0.816959
509;0.817453
510;0.815404
511;0.815515
512;0.814747
513;0.814344
514;0.813308
515;0.811087
516;0.808484
517;0.80702
518;0.805607
519;0.802835
520;0.798394
521;0.796525
522;0.795212
523;0.790665
524;0.794857
525;0.804519
526;0.813459
527;0.822976
528;0.827436
529;0.828342
530;0.827499
531;0.826586
532;0.826769
533;0.824846
534;0.823102
535;0.822841
536;0.820572
537;0.818064
538;0.818611
539;0.817686
540;0.816345
541;0.815194
542;0.815042
543;0.815323
544;0.810986
545;0.81171
546;0.808795
547;0.809148
548;0.805104
549;0.806133
550;0.803401
551;0.803417
552;0.804342
553;0.802747
554;0.802945
555;0.802253
556;0.802668
557;0.801869
558;0.801938
559;0.803426
560;0.801664
561;0.803231
562;0.804519
563;0.804056
564;0.801812
565;0.803763
566;0.80185
567;0.801242
568;0.803329
569;0.802561
570;0.801825
571;0.801384
572;0.804408
573;0.80426
574;0.804868
575;0.806161
576;0.805453
577;0.807083
578;0.807445
579;0.808987
580;0.807471
581;0.807131
582;0.811458
583;0.810998
584;0.811722
585;0.811105
586;0.812226
587;0.813094
588;0.813803
589;0.814026
590;0.814891
591;0.816934
592;0.817623
593;0.819527
594;0.820141
595;0.820654
596;0.820877
597;0.82157
598;0.821872
599;0.822998
600;0.823234
601;0.822923
602;0.824965
603;0.824478
604;0.824207
605;0.825233
606;0.823848
607;0.823927
608;0.823109
609;0.822545
610;0.822353
611;0.8224
612;0.822737
613;0.821595
614;0.00881824
615;0.00172462
616;0.000937843
617;0.00116129
618;0.000730133
619;0.00140676
620;0.00100708
621;0.00100393
622;0.00235405
623;0.00229425
624;0.0024579
625;0.0020299
626;0.000994492
627;0.00109205
628;0.000878048
629;0.00128717
630;0.00103226
631;0.00103855
632;0.00189772
633;0.00192604
634;0.00199528
635;0.00187883
636;0.000928402
637;0.00123053
638;0.000818253
639;0.00114241
640;0.000893784
641;0.00125256
642;0.00263729
643;0.00186939
644;0.00214634
645;0.00177498
646;0.000969315
647;0.00130606
648;0.00142565
649;0.00153894
650;0.00141621
651;0.00124311
652;0.00187254
653;0.00200472
654;0.00216837
655;0.00184107
656;0.00107632
657;0.00144768
658;0.000811958
659;0.00111723
660;0.000896931
661;0.00131865
662;0.00188828
663;0.00182219
664;0.00208025
665;0.0020771
666;0.00107317
667;0.00126514
668;0.00112038
669;0.00133438
670;0.00108576
671;0.00125885
672;0.00246735
673;0.00214634
674;0.00205193
675;0.00183163
676;0.00107317
677;0.00109205
678;0.000871754
679;0.00149803
680;0.9054
681;0.905733
682;0.902035
683;0.895798
684;0.891171
685;0.887596
686;0.88201
687;0.877762
688;0.876386
689;0.871908
690;0.869337
691;0.866813
692;0.865434
693;0.863124
694;0.860635
695;0.860298
696;0.856732
697;0.856084
698;0.856704
699;0.857516
700;0.855814
701;0.856537
702;0.855165
703;0.85502
704;0.855134
705;0.855115
706;0.853938
707;0.853887
708;0.852987
709;0.852849
710;0.0665428
711;0.00163651
712;0.00186939
713;0.00214634
714;0.00135641
715;0.00201416
716;0.00122738
717;0.00112982
718;0.000981903
719;0.00108261
720;0.00123367
721;0.00135012
722;0.0021904
723;0.00231314
724;0.00186625
725;0.00126829
726;0.000969315
727;0.00116758
728;0.00111723
729;0.00152321
730;0.0011487
731;0.00147285
732;0.0020299
733;0.00212746
734;0.00165539
735;0.00206451
736;0.00110149
737;0.000774193
738;0.000953579
739;0.0012022
740;0.00105114
741;0.888308
742;0.89176
743;0.886435
744;0.885384
745;0.881132
746;0.875886
747;0.873802
748;0.871216
749;0.86782
750;0.866992
751;0.864924
752;0.864544
753;0.863222
754;0.86275
755;0.863867
756;0.862561
757;0.862876
758;0.863754
759;0.864566
760;0.86506
761;0.866791
762;0.868701
763;0.869299
764;0.869972
765;0.870353
766;0.869447
767;0.870224
768;0.868975
769;0.868021
770;0.864399
771;0.860987
772;0.854271
773;0.844704
774;0.83378
775;0.00835247
776;0.00104485
777;0.00155783
778;0.000969315
779;0.00112667
780;0.00108576
781;0.00124941
782;0.00223446
783;0.00178127
784;0.00224075
785;0.00206137
786;0.00136271
787;0.0012085
788;0.000994492
789;0.00112982
790;0.00084343
791;0.00144138
792;0.0020299
793;0.00205193
794;0.0022974
795;0.00184736
796;0.00101023
797;0.00119591
798;0.00117388
799;0.00148544
800;0.00101023
801;0.00132179
802;0.00206137
803;0.00206451
804;0.00202045
805;0.00197954
806;0.850114
807;0.851757
808;0.844821
809;0.838671
810;0.831694
811;0.827496
812;0.820682
813;0.814992
814;0.813991
815;0.825384
816;0.835326
817;0.848418
818;0.859508
819;0.871389
820;0.878514
821;0.881217
822;0.880991
823;0.876833
824;0.873157
825;0.870523
826;0.86601
827;0.861825
828;0.858023
829;0.85543
830;0.852534
831;0.847933
832;0.846684
833;0.843194
834;0.840021
835;0.836242
836;0.830101
837;0.825315
838;0.821991
839;0.00749645
840;0.00102282
841;0.00116129
842;0.00228167
843;0.00173407
844;0.00294256
845;0.00183792
846;0.00102282
847;0.00118332
848;0.00206766
849;0.000922108
850;0.00102596
851;0.00109835
852;0.00181274
853;0.00221872
854;0.00225334
855;0.00186625
856;0.00110779
857;0.00110779
858;0.00100079
859;0.00123682
860;0.000997639
861;0.00125885
862;0.00258379
863;0.00201101
864;0.00239182
865;0.00334225
866;0.0021841
867;0.00246105
868;0.00149488
869;0.000830841
870;0.000862312
871;0.00122108
872;0.00185051
873;0.00205193
874;0.00182848
875;0.00176554
876;0.00123997
877;0.00105743
878;0.000918961
879;0.00128717
880;0.00101023
881;0.0010952
882;0.00205507
883;0.00179071
884;0.00250196
885;0.00165854
886;0.00135326
887;0.00122738
888;0.000604248
889;0.00107002
890;0.000997639
891;0.00111094
892;0.00189142
893;0.00169945
894;0.00215263
895;0.00186939
896;0.000950432
897;0.00116129
898;0.00171204
899;0.00126829
900;0.000966167
901;0.00106373
902;0.00189457
903;0.00171518
904;0.0018568
905;0.0018568
906;0.00141621
907;0.00118017
908;0.000978756
909;0.00115814
910;0.00102911
911;0.00156097
912;0.00178127
913;0.00199213
914;0.00249567
915;0.0017561
916;0.00128088
917;0.00121794
918;0.000997639
919;0.0014225
920;0.00131865
921;0.00116444
922;0.00235405
923;0.00229111
924;0.00168056
925;0.00174351
926;0.00102282
927;0.00128717
928;0.00104799
929;0.00121164
930;0.000918961
931;0.00132809
932;0.00179386
933;0.00181274
934;0.00189142
935;0.00170889
936;0.000906372
937;0.00105743
938;0.000912666
939;0.001262
940;0.000635719
941;0.000896931
942;0.00206137
943;0.00172148
944;0.00222502
945;0.00181589
946;0.000852871
947;0.00106688
948;0.00103855
949;0.00111094
950;0.000934696
951;0.00105743
952;0.00220928
953;0.00176868
954;0.00195751
955;0.00180016
956;0.0012022
957;0.00134697
958;0.00124941
959;0.0010952
960;0.00110464
961;0.00129032
962;0.0021369
963;0.00202675
964;0.00268764
965;0.00200472
966;0.00108576
967;0.00136271
968;0.00114241
969;0.00140991
970;0.000934696
971;0.00129662
972;0.0019166
973;0.00190716
974;0.00189457
975;0.00185051
976;0.000862312
977;0.00149488
978;0.00228796
979;0.00318804
980;0.00175295
981;0.00123682
982;0.00244532
983;0.00200787
984;0.00159874
985;0.00227537
986;0.00113926
987;0.00130606
988;0.0010417
989;0.00127144
990;0.000956726
991;0.0011487
992;0.00185366
993;0.00174351
994;0.00199842
995;0.00186625
996;0.000912666
997;0.00122738
998;0.00106058
999;0.00139103
1000;0.00110464
1001;0.00128403
1002;0.00198269
1003;0.00211802
1004;0.00217152
1005;0.00171833
1006;0.000956726
1007;0.00108891
1008;0.00114555
1009;0.001476
1010;0.00131865
1011;0.00167427
1012;0.00228481
1013;0.00228481
1014;0.00205193
1015;0.00180016
1016;0.000953579
1017;0.00101967
1018;0.000878048
1019;0.00112982
1020;0.000959873
1021;0.0010354
1022;0.00169945
1023;0.00199213
1024;0.920962
1025;0.930448
1026;0.927514
1027;0.92437
1028;0.920544
1029;0.915788
1030;0.910529
1031;0.906765
1032;0.903373
1033;0.899581
1034;0.895864
1035;0.889928
1036;0.887127
1037;0.88388
1038;0.88071
1039;0.878306
1040;0.876946
1041;0.874243
1042;0.872094
1043;0.871395
1044;0.8704
1045;0.86692
1046;0.86612
1047;0.864349
1048;0.863288
1049;0.862605
1050;0.860657
1051;0.857897
1052;0.855461
1053;0.853982
1054;0.85047
1055;0.846822
1056;0.843326
1057;0.840884
1058;0.837006
1059;0.833746
1060;0.830385
1061;0.827559
1062;0.823681
1063;0.822353
1064;0.821135
1065;0.81908
1066;0.81553
1067;0.814517
1068;0.811417
1069;0.810375
1070;0.812481
1071;0.813343
1072;0.816311
1073;0.816478
1074;0.817422
1075;0.816474
1076;0.814007
1077;0.812367
1078;0.812106
1079;0.810891
1080;0.807814
1081;0.807744
1082;0.809403
1083;0.810728
1084;0.810844
1085;0.812191
1086;0.813148
1087;0.812566
1088;0.812915
1089;0.811395
1090;0.00744925
1091;0.00210228
1092;0.00236034
1093;0.00202675
1094;0.00215893
1095;0.00182533
1096;0.00107317
1097;0.00140362
1098;0.00129976
1099;0.00137844
1100;0.00115499
1101;0.00139418
1102;0.00169945
1103;0.00207081
1104;0.00238237
1105;0.00184422
1106;0.0010417
1107;0.00110779
1108;0.000956726
1109;0.00123053
1110;0.000978756
1111;0.00132809
1112;0.0021904
1113;0.00181589
1114;0.00226278
1115;0.0020771
1116;0.00130291
1117;0.00133123
1118;0.00105429
1119;0.00146027
1120;0.000994492
1121;0.00105743
1122;0.00190716
1123;0.00198898
1124;0.00259953
1125;0.00164909
1126;0.00102282
1127;0.00132494
1128;0.000966167
1129;0.00128403
1130;0.001583
1131;0.0012085
1132;0.00192919
1133;0.00182848
1134;0.0022439
1135;0.00191975
1136;0.000934696
1137;0.00115499
1138;0.000906372
1139;0.00146971
1140;0.000972462
1141;0.00123367
1142;0.00231314
1143;0.00203934
1144;0.00219669
1145;0.00200157
1146;0.000931549
1147;0.00108576
1148;0.00127459
1149;0.00102282
1150;0.000868607
1151;0.00123367
1152;0.00214634
1153;0.00226278
1154;0.00194178
1155;0.0019166
1156;0.00141621
1157;0.00119591
1158;0.00106688
1159;0.00155153
1160;0.00102282
1161;0.00121479
1162;0.00192289
1163;0.00166168
1164;0.00254602
1165;0.00200157
1166;0.000846577
1167;0.00129347
1168;0.0015893
1169;0.0012557
1170;0.00110464
1171;0.00118332
1172;0.00180645
1173;0.00162392
1174;0.00271282
1175;0.00206137
1176;0.00117702
1177;0.00130291
1178;0.000906372
1179;0.00115185
1180;0.000969315
1181;0.00132179
1182;0.00210857
1183;0.00194178
1184;0.00218096
1185;0.00174665
1186;0.00108261
1187;0.00115499
1188;0.000972462
1189;0.00189457
1190;0.00101652
1191;0.00127459
1192;0.00245161
1193;0.00183792
1194;0.00249252
1195;0.00204563
1196;0.000824547
1197;0.00131865
1198;0.000626278
1199;0.0012022
1200;0.000972462
1201;0.00127459
1202;0.00179071
1203;0.00207396
1204;0.00175295
1205;0.00177813
1206;0.00109205
1207;0.00104799
1208;0.00130606
1209;0.00137529
1210;0.00106058
1211;0.00136585
1212;0.00219984
1213;0.00238867
1214;0.00197954
1215;0.00217152
1216;0.00118961
1217;0.00137529
1218;0.00105114
1219;0.0010417
1220;0.00107317
1221;0.00137844
1222;0.00161762
1223;0.00179386
1224;0.00187254
1225;0.00194178
1226;0.00119905
1227;0.00129347
1228;0.0012557
1229;0.00112038
1230;0.00096302
1231;0.00135956
1232;0.0021369
1233;0.00199842
1234;0.00205507
1235;0.0021904
1236;0.00140362
1237;0.00163021
1238;0.00123367
1239;0.00154209
1240;0.00103855
1241;0.0021306
1242;0.00208654
1243;0.00183163
1244;0.00268135
1245;0.00247049
1246;0.000975609
1247;0.00105429
1248;0.00113926
1249;0.00164909
1250;0.00149488
1251;0.00114241
1252;0.00335484
1253;0.0028513
1254;0.00360661
1255;0.00285444
1256;0.00104799
1257;0.00203619
1258;0.00111094
1259;0.00235405
1260;0.00121479
1261;0.00129662
1262;0.00223131
1263;0.00212431
1264;0.00225019
1265;0.00206451
1266;0.00121479
1267;0.00128088
1268;0.000915813
1269;0.00128403
1270;0.00108576
1271;0.00183792
1272;0.00243587
1273;0.00204563
1274;0.00239496
1275;0.00212746
1276;0.000931549
1277;0.00117388
1278;0.00108261
1279;0.00143509
1280;0.00108891
1281;0.00134068
1282;0.00266876
1283;0.00193548
1284;0.00236034
1285;0.00193548
1286;0.00100708
1287;0.0012085
1288;0.000966167
1289;0.0013092
1290;0.000793076
1291;0.000937843
1292;0.00173092
1293;0.00185366
1294;0.00164909
1295;0.0019166
1296;0.000994492
1297;0.00212116
1298;0.000925255
1299;0.00112982
1300;0.000896931
1301;0.00118332
1302;0.00184736
1303;0.00173721
1304;0.00163651
1305;0.00189772
1306;0.000796223
1307;0.00104485
1308;0.000928402
1309;0.00106688
1310;0.000988197
1311;0.00105743
1312;0.00178442
1313;0.00179386
1314;0.00181274
1315;0.00161133
1316;0.000953579
1317;0.00118647
1318;0.000827694
1319;0.00162392
1320;0.00111723
1321;0.00117388
1322;0.00181589
1323;0.0017561
1324;0.00253658
1325;0.00192919
1326;0.000928402
1327;0.00130291
1328;0.00112352
1329;0.00103855
1330;0.00105429
1331;0.00123367
1332;0.00344296
1333;0.00178442
1334;0.00246735
1335;0.00179071
1336;0.00184422
1337;0.00115499
1338;0.00121164
1339;0.00106058
1340;0.000991344
1341;0.00122738
1342;0.00202675
1343;0.0018033
1344;0.00222502
1345;0.00194492
1346;0.00108261
1347;0.00149488
1348;0.00104799
1349;0.00109205
1350;0.00107002
1351;0.00112038
1352;0.0018033
1353;0.00178442
1354;0.00174036
1355;0.00210543
1356;0.000975609
1357;0.00121479
1358;0.000918961
1359;0.00133438
1360;0.00110779
1361;0.00112038
1362;0.00216837
1363;0.00195751
1364;0.00188828
1365;0.00201731
1366;0.00101337
1367;0.00138474
1368;0.00107317
1369;0.00117388
1370;0.00170889
1371;0.00118647
1372;0.0018631
1373;0.00181274
1374;0.00209913
1375;0.00189772
1376;0.00204563
1377;0.00129662
1378;0.000856018
1379;0.00141306
1380;0.000978756
1381;0.00113611
1382;0.00239182
1383;0.00194492
1384;0.00178127
1385;0.0020299
1386;0.000856018
1387;0.00119905
1388;0.000975609
1389;0.00114555
1390;0.000865459
1391;0.00127459
1392;0.00238867
1393;0.00187569
1394;0.00179701
1395;0.00187254
1396;0.0018631
1397;0.898492
1398;0.904537
1399;0.903873
1400;0.900241
1401;0.898728
1402;0.897976
1403;0.895832
1404;0.893538
1405;0.8903
1406;0.888776
1407;0.886117
1408;0.883735
1409;0.88201
1410;0.879644
1411;0.876106
1412;0.876087
1413;0.872323
1414;0.869916
1415;0.867341
1416;0.861164
1417;0.858489
1418;0.854624
1419;0.850747
1420;0.846328
1421;0.845334
1422;0.842489
1423;0.840493
1424;0.83435
1425;0.828884
1426;0.82702
1427;0.823713
1428;0.821076
1429;0.817736
1430;0.816028
1431;0.8175
1432;0.816531
1433;0.816191
1434;0.818284
1435;0.816242
1436;0.815974
1437;0.816947
1438;0.817283
1439;0.820009
1440;0.823319
1441;0.824556
1442;0.82748
1443;0.830479
1444;0.833176
1445;0.836906
1446;0.838772
1447;0.843131
1448;0.844446
1449;0.848465
1450;0.850347
1451;0.851898
1452;0.854854
1453;0.855757
1454;0.858076
1455;0.856701
1456;0.859275
1457;0.860012
1458;0.860446
1459;0.861151
1460;0.862353
1461;0.86308
1462;0.864418
1463;0.864493
1464;0.863455
1465;0.86477
1466;0.864141
1467;0.864799
1468;0.864292
1469;0.865085
1470;0.865655
1471;0.864855
1472;0.866212
1473;0.866101
1474;0.866942
1475;0.866614
1476;0.865444
1477;0.864647
1478;0.863426
1479;0.860308
1480;0.854932
1481;0.849683
1482;0.842013
1483;0.834227
1484;0.82393
1485;0.813264
1486;0.808773
1487;0.809557
1488;0.810356
1489;0.813236
1490;0.817035
1491;0.821368
1492;0.826199
1493;0.826759
1494;0.830306
1495;0.830954
1496;0.8316
1497;0.831395
1498;0.832349
1499;0.833113
1500;0.833507
1501;0.833192
1502;0.834278
1503;0.83395
1504;0.835323
1505;0.833661
1506;0.832327
1507;0.831467
1508;0.829692
1509;0.830101
1510;0.827389
1511;0.8268
1512;0.826328
1513;0.825434
1514;0.825453
1515;0.823795
1516;0.822945
1517;0.820846
1518;0.822054
1519;0.821491
1520;0.820786
1521;0.822599
1522;0.823565
1523;0.824585
1524;0.826174
1525;0.827565
1526;0.827159
1527;0.828125
1528;0.830183
1529;0.831014
1530;0.831345
1531;0.834309
1532;0.835042
1533;0.836805
1534;0.838297
1535;0.838813
1536;0.837667
1537;0.838684
1538;0.83898
1539;0.84015
1540;0.840597
1541;0.841529
1542;0.843275
1543;0.843974
1544;0.844896
1545;0.846089
1546;0.844692
1547;0.846007
1548;0.847238
1549;0.846929
1550;0.846964
1551;0.847565
1552;0.848292
1553;0.846555
1554;0.843216
1555;0.838602
1556;0.830293
1557;0.819776
1558;0.813041
1559;0.80827
1560;0.805
1561;0.803329
1562;0.803143
1563;0.804345
1564;0.803074
1565;0.803521
1566;0.801201
1567;0.802051
1568;0.803153
1569;0.803442
1570;0.805787
1571;0.806998
1572;0.80962
1573;0.811829
1574;0.814467
1575;0.81587
1576;0.815326
1577;0.816984
1578;0.819042
1579;0.821378
1580;0.82145
1581;0.820981
1582;0.823543
1583;0.825138
1584;0.826577
1585;0.827448
1586;0.827367
1587;0.829293
1588;0.830199
1589;0.831134
1590;0.83233
1591;0.833966
1592;0.836179
1593;0.837696
1594;0.838608
1595;0.839272
1596;0.839411
1597;0.840528
1598;0.840692
1599;0.840581
1600;0.83819
1601;0.830366
1602;0.81909
1603;0.804865
1604;0.799581
1605;0.804452
1606;0.808902
1607;0.81418
1608;0.816566
1609;0.819883
1610;0.82252
1611;0.823914
1612;0.826932
1613;0.829774
1614;0.83126
1615;0.832484
1616;0.833727
1617;0.834869
1618;0.835766
1619;0.837261
1620;0.837815
1621;0.838847
1622;0.840289
1623;0.840509
1624;0.83757
1625;0.832078
1626;0.820153
1627;0.80871
1628;0.801686
1629;0.802775
1630;0.806939
1631;0.809604
1632;0.814004
1633;0.816868
1634;0.819814
1635;0.822655
1636;0.822816
1637;0.824928
1638;0.827153
1639;0.828528
1640;0.829551
1641;0.830844
1642;0.832163
1643;0.833283
1644;0.834479
1645;0.835319
1646;0.835543
1647;0.836342
1648;0.836978
1649;0.83785
1650;0.836899
1651;0.834951
1652;0.829727
1653;0.819656
1654;0.806265
1655;0.801913
1656;0.804138
1657;0.807936
1658;0.812553
1659;0.815379
1660;0.818574
1661;0.820956
1662;0.824729
1663;0.826504
1664;0.829453
1665;0.831577
1666;0.832327
1667;0.834451
1668;0.834775
1669;0.83615
1670;0.83633
1671;0.835505
1672;0.828896
1673;0.818605
1674;0.806662
1675;0.801003
1676;0.802218
1677;0.805208
1678;0.808506
1679;0.812632
1680;0.814803
1681;0.818441
1682;0.821875
1683;0.823448
1684;0.825991
1685;0.827804
1686;0.828673
1687;0.830847
1688;0.832474
1689;0.833768
1690;0.834536
1691;0.834164
1692;0.832581
1693;0.824327
1694;0.815549
1695;0.807187
1696;0.803386
1697;0.800773
1698;0.800588
1699;0.802369
1700;0.802655
1701;0.805293
1702;0.806936
1703;0.808157
1704;0.807943
1705;0.809145
1706;0.810253
1707;0.811876
1708;0.00716286
1709;0.00115185
1710;0.000865459
1711;0.00117073
1712;0.00181589
1713;0.00203934
1714;0.00168686
1715;0.00181589
