Lenlab red 7.0 Logger-Daten
Zeit;Kanal_1
0;0.0430118
0.1;0.0434587
0.2;0.0431943
0.3;0.0436601
0.4;0.0438804
0.5;0.0439024
0.6;0.0440818
0.7;0.0440912
0.8;0.0432698
0.9;0.0434901
1;0.0431786
1.1;0.0435562
1.2;0.0430684
1.3;0.0434838
1.4;0.0434681
1.5;0.0434618
1.6;0.043402
1.7;0.0434807
1.8;0.0427505
1.9;0.0433296
2;0.0427978
2.1;0.0437262
2.2;0.042675
2.3;0.0434272
2.4;0.0431786
2.5;0.0436947
2.6;0.0432509
2.7;0.0435279
2.8;0.0427474
2.9;0.0432289
3;0.0425869
3.1;0.0429866
3.2;0.0425963
3.3;0.0430149
3.4;0.043081
3.5;0.0430841
3.6;0.043166
3.7;0.0431723
3.8;0.0422785
3.9;0.0431188
4;0.0424547
4.1;0.0427128
4.2;0.0422407
4.3;0.0429866
4.4;0.0429173
4.5;0.0431219
4.6;0.04276
4.7;0.0430086
4.8;0.0421463
4.9;0.0428103
5;0.0422533
5.1;0.0429205
5.2;0.0422816
5.3;0.0430023
5.4;0.0431188
5.5;0.0429897
5.6;0.042697
5.7;0.0429205
5.8;0.0423572
5.9;0.0427033
6;0.042225
6.1;0.042782
6.2;0.0420897
6.3;0.042845
6.4;0.0427883
6.5;0.0430432
6.6;0.0431156
6.7;0.0430212
6.8;0.0420015
6.9;0.0427191
7;0.04214
7.1;0.0426435
7.2;0.0419008
7.3;0.0426498
