Lenlab red 7.0 Logger-Daten
Zeit;Kanal_1
0;0.468705
0.1;0.468062
0.2;0.467348
0.3;0.466948
0.4;0.465724
0.5;0.466234
0.6;0.465365
0.7;0.465712
0.8;0.466133
0.9;0.466206
1;0.466262
1.1;0.467037
1.2;0.466479
1.3;0.467197
1.4;0.46607
1.5;0.466206
1.6;0.466058
1.7;0.466275
1.8;0.466162
1.9;0.466174
2;0.465353
2.1;0.465274
2.2;0.465076
2.3;0.465391
2.4;0.464786
2.5;0.464985
2.6;0.464012
2.7;0.46417
2.8;0.464396
2.9;0.464059
3;0.464135
3.1;0.464384
3.2;0.46337
3.3;0.463719
3.4;0.463191
3.5;0.463871
3.6;0.463559
3.7;0.464503
3.8;0.464553
3.9;0.464365
4;0.463021
4.1;0.463238
4.2;0.463339
4.3;0.463342
4.4;0.462184
4.5;0.462495
4.6;0.462445
4.7;0.462335
4.8;0.46292
4.9;0.462904
5;0.462797
5.1;0.461589
5.2;0.461016
5.3;0.461491
5.4;0.461092
5.5;0.46083
5.6;0.460749
5.7;0.460107
5.8;0.460777
5.9;0.460705
6;0.461066
6.1;0.461199
6.2;0.460147
6.3;0.460497
6.4;0.460107
6.5;0.460185
6.6;0.460188
6.7;0.460717
6.8;0.46072
6.9;0.459524
7;0.458473
7.1;0.458571
