Lenlab red 7.0 Logger-Daten
Zeit;Kanal_1
0;2.48759
0.1;2.4873
0.2;2.48693
0.3;2.48727
0.4;2.48658
0.5;2.48657
0.6;2.48614
0.7;2.48637
0.8;2.48612
0.9;2.48603
1;2.486
1.1;2.48602
1.2;2.485
1.3;2.48496
1.4;2.48434
1.5;2.48441
1.6;2.48397
1.7;2.48432
1.8;2.48423
1.9;2.48406
2;2.48394
2.1;2.48434
2.2;2.48364
2.3;2.48373
2.4;2.48348
2.5;2.48394
2.6;2.48366
2.7;2.48435
2.8;2.4848
2.9;2.48435
3;2.48442
3.1;2.48432
3.2;2.48406
3.3;2.48453
3.4;2.4842
3.5;2.48466
3.6;2.48452
3.7;2.48489
3.8;2.48539
3.9;2.48471
4;2.48541
4.1;2.48494
4.2;2.48459
4.3;2.48489
4.4;2.4849
4.5;2.48509
4.6;2.48493
4.7;2.48568
4.8;2.48603
4.9;2.48584
5;2.48617
5.1;2.48637
5.2;2.48573
5.3;2.48646
5.4;2.48601
5.5;2.48636
5.6;2.48613
5.7;2.48646
5.8;2.48659
5.9;2.48712
6;2.48706
6.1;2.48702
6.2;2.48651
6.3;2.48673
6.4;2.4863
6.5;2.48678
6.6;2.48632
6.7;2.48665
6.8;2.48697
6.9;2.48716
7;2.48685
