Lenlab red 7.0 Logger-Daten
Zeit;Kanal_1
0;2.52001
0.1;2.51988
0.2;2.51953
0.3;2.51956
0.4;2.51914
0.5;2.51851
0.6;2.5189
0.7;2.51873
0.8;2.51903
0.9;2.51925
1;2.51946
1.1;2.51935
1.2;2.51892
1.3;2.51848
1.4;2.51812
1.5;2.51773
1.6;2.518
1.7;2.51745
1.8;2.51789
1.9;2.51796
2;2.51829
2.1;2.5182
2.2;2.51751
2.3;2.51726
2.4;2.51675
2.5;2.51644
2.6;2.51659
2.7;2.51633
2.8;2.51677
2.9;2.51644
3;2.51735
3.1;2.51722
3.2;2.51696
3.3;2.5168
3.4;2.51644
3.5;2.51618
3.6;2.5164
3.7;2.51624
3.8;2.51627
3.9;2.51615
4;2.51705
4.1;2.51705
4.2;2.51698
4.3;2.51639
4.4;2.51622
4.5;2.51598
4.6;2.51638
4.7;2.51598
4.8;2.5166
4.9;2.51631
5;2.51693
5.1;2.51707
5.2;2.51662
5.3;2.51667
5.4;2.5164
5.5;2.51623
5.6;2.51657
5.7;2.51614
5.8;2.51661
5.9;2.51653
6;2.51748
6.1;2.51726
6.2;2.51719
6.3;2.51702
6.4;2.51684
6.5;2.51661
6.6;2.51706
6.7;2.51683
6.8;2.51706
6.9;2.5173
7;2.51796
7.1;2.51792
7.2;2.51787
