Lenlab red 7.0 Logger-Daten
Zeit;Kanal_1
0;2.50322
0.1;2.50269
0.2;2.50305
0.3;2.5029
0.4;2.50243
0.5;2.50271
0.6;2.50285
0.7;2.50257
0.8;2.50292
0.9;2.50241
1;2.50272
1.1;2.50232
1.2;2.50274
1.3;2.50277
1.4;2.50286
1.5;2.50287
1.6;2.50237
1.7;2.50221
1.8;2.50264
1.9;2.50213
2;2.50239
2.1;2.50218
2.2;2.5026
2.3;2.50267
2.4;2.50249
2.5;2.50232
2.6;2.50212
2.7;2.50161
2.8;2.50196
2.9;2.50151
3;2.50182
3.1;2.50138
3.2;2.50198
3.3;2.50193
3.4;2.50196
3.5;2.50169
3.6;2.50162
3.7;2.50087
3.8;2.50128
3.9;2.50104
4;2.50101
4.1;2.50066
4.2;2.50123
4.3;2.50127
4.4;2.50139
4.5;2.50131
4.6;2.50091
4.7;2.50052
4.8;2.50085
4.9;2.5007
5;2.50089
5.1;2.50047
5.2;2.50105
5.3;2.50081
5.4;2.50055
5.5;2.50009
5.6;2.49977
5.7;2.49932
5.8;2.49937
5.9;2.49948
6;2.49969
6.1;2.49961
6.2;2.50025
6.3;2.50031
6.4;2.50005
6.5;2.49919
6.6;2.49972
6.7;2.49951
6.8;2.49967
6.9;2.49935
7;2.49964
