Lenlab red 7.0 Logger-Daten
Zeit;Kanal_1
0;2.51241
0.1;2.51359
0.2;2.51395
0.3;2.51348
0.4;2.51275
0.5;2.5128
0.6;2.51175
0.7;2.51293
0.8;2.51169
0.9;2.51184
1;2.51148
1.1;2.5119
1.2;2.5116
1.3;2.5114
1.4;2.51126
1.5;2.51097
1.6;2.51063
1.7;2.511
1.8;2.5105
1.9;2.51084
2;2.51064
2.1;2.51061
2.2;2.51057
2.3;2.51029
2.4;2.50986
2.5;2.50985
2.6;2.50928
2.7;2.50937
2.8;2.50927
2.9;2.5094
3;2.5091
3.1;2.50928
3.2;2.50947
3.3;2.50923
3.4;2.50902
3.5;2.50908
3.6;2.50873
3.7;2.50939
3.8;2.50908
3.9;2.50918
4;2.50886
4.1;2.50941
4.2;2.50935
4.3;2.50926
4.4;2.50894
4.5;2.50879
4.6;2.50815
4.7;2.50871
4.8;2.50768
4.9;2.50916
5;2.50782
5.1;2.50823
5.2;2.50808
5.3;2.50784
5.4;2.50734
5.5;2.50748
5.6;2.50686
5.7;2.50736
5.8;2.50696
5.9;2.50723
6;2.50735
6.1;2.50778
6.2;2.50805
6.3;2.50782
6.4;2.50741
6.5;2.5074
6.6;2.50686
