Lenlab red 7.0 Logger-Daten
Zeit;Kanal_1
0;0.896037
0.1;0.892968
0.2;0.889604
0.3;0.893818
0.4;0.892931
0.5;0.89536
0.6;0.896358
0.7;0.897031
0.8;0.896027
0.9;0.898832
1;0.898511
1.1;0.897648
1.2;0.897195
1.3;0.8988
1.4;0.899121
1.5;0.897463
1.6;0.897459
1.7;0.898605
1.8;0.898652
1.9;0.898243
2;0.895905
2.1;0.898344
2.2;0.895952
2.3;0.898898
2.4;0.898479
2.5;0.896975
2.6;0.897208
2.7;0.896402
2.8;0.894866
2.9;0.896408
3;0.895593
3.1;0.895118
3.2;0.894366
3.3;0.894325
3.4;0.893607
3.5;0.893063
3.6;0.890876
3.7;0.892679
3.8;0.892836
3.9;0.893711
4;0.892685
4.1;0.894152
4.2;0.893752
4.3;0.892968
4.4;0.89356
4.5;0.894356
4.6;0.893022
4.7;0.891785
4.8;0.89002
4.9;0.889916
5;0.889013
5.1;0.889145
5.2;0.8872
5.3;0.888009
5.4;0.888166
5.5;0.888201
5.6;0.886866
5.7;0.886111
5.8;0.886083
5.9;0.887008
6;0.886171
6.1;0.885642
6.2;0.884959
6.3;0.885406
6.4;0.885444
6.5;0.886007
6.6;0.885582
6.7;0.884836
6.8;0.883949
6.9;0.884629
7;0.882882
7.1;0.882363
7.2;0.881469
7.3;0.883077
7.4;0.882416
7.5;0.880808
7.6;0.882265
7.7;0.880594
7.8;0.879203
7.9;0.881053
8;0.881727
8.1;0.880968
