Lenlab red 7.0 Logger-Daten
Zeit;Kanal_1
0;2.51863
0.1;2.51818
0.2;2.51826
0.3;2.51809
0.4;2.51875
0.5;2.51841
0.6;2.51882
0.7;2.51898
0.8;2.51915
0.9;2.51918
1;2.51894
1.1;2.51886
1.2;2.51842
1.3;2.51795
1.4;2.51867
1.5;2.51879
1.6;2.51922
1.7;2.51906
1.8;2.51965
1.9;2.51962
2;2.51959
2.1;2.51977
2.2;2.51931
2.3;2.51906
2.4;2.5195
2.5;2.51945
2.6;2.51972
2.7;2.5194
2.8;2.52019
2.9;2.52018
3;2.51992
3.1;2.52026
3.2;2.5198
3.3;2.51923
3.4;2.51944
3.5;2.51897
3.6;2.5191
3.7;2.51814
3.8;2.51941
3.9;2.51916
4;2.51928
4.1;2.51946
4.2;2.51936
4.3;2.51899
4.4;2.51926
4.5;2.51922
4.6;2.51957
4.7;2.51921
4.8;2.51985
4.9;2.51966
5;2.51975
5.1;2.51998
5.2;2.51924
5.3;2.51899
5.4;2.51893
5.5;2.51859
5.6;2.5189
5.7;2.51872
5.8;2.5192
5.9;2.51921
6;2.51904
6.1;2.51948
6.2;2.51943
6.3;2.51925
6.4;2.51951
6.5;2.51903
6.6;2.51957
6.7;2.51921
6.8;2.51986
6.9;2.5196
7;2.51949
7.1;2.51939
7.2;2.51943
7.3;2.51845
7.4;2.51854
7.5;2.51815
7.6;2.51846
7.7;2.51792
7.8;2.51858
7.9;2.51864
8;2.51846
8.1;2.51898
8.2;2.51862
8.3;2.51825
8.4;2.5188
8.5;2.51824
8.6;2.51845
8.7;2.51839
8.8;2.51873
8.9;2.51876
9;2.51859
9.1;2.51857
9.2;2.51806
9.3;2.51809
9.4;2.51748
9.5;2.51719
9.6;2.5177
9.7;2.51759
9.8;2.51795
9.9;2.51767
10;2.51761
10.1;2.51698
10.2;2.51716
10.3;2.51626
10.4;2.51707
10.5;2.51668
10.6;2.5167
