Lenlab red 7.0 Logger-Daten
Zeit;Kanal_1
0;2.51963
0.1;2.51949
0.2;2.51909
0.3;2.51879
0.4;2.51897
0.5;2.51842
0.6;2.51886
0.7;2.51839
0.8;2.51882
0.9;2.51906
1;2.51893
1.1;2.51864
1.2;2.51854
1.3;2.51804
1.4;2.51827
1.5;2.51824
1.6;2.51825
1.7;2.51782
1.8;2.5185
1.9;2.51829
2;2.51838
2.1;2.51836
2.2;2.51796
2.3;2.51753
2.4;2.51799
2.5;2.51755
2.6;2.51788
2.7;2.51814
2.8;2.51828
2.9;2.51844
3;2.5183
3.1;2.51824
3.2;2.51824
3.3;2.51821
3.4;2.51835
3.5;2.51796
3.6;2.51847
3.7;2.51817
3.8;2.51872
3.9;2.51864
4;2.51872
4.1;2.51882
4.2;2.51867
4.3;2.51845
4.4;2.51862
4.5;2.51838
4.6;2.51876
4.7;2.51832
4.8;2.51907
4.9;2.51917
5;2.51901
5.1;2.51909
5.2;2.5192
5.3;2.5186
5.4;2.5194
5.5;2.51833
5.6;2.51921
5.7;2.51899
5.8;2.51973
5.9;2.51825
6;2.51763
6.1;2.51722
6.2;2.51759
6.3;2.51713
