Lenlab red 7.0 Logger-Daten
Zeit;Kanal_1
0;1.30694
0.1;1.30491
0.2;1.29827
0.3;1.3061
0.4;1.29604
0.5;1.30306
0.6;1.29932
0.7;1.29622
0.8;1.30012
0.9;1.29792
1;1.29455
1.1;1.29739
1.2;1.29471
1.3;1.29345
1.4;1.29302
1.5;1.2946
1.6;1.29633
1.7;1.29552
1.8;1.29403
1.9;1.29524
2;1.29507
2.1;1.29439
2.2;1.29497
2.3;1.29527
2.4;1.29493
2.5;1.29418
2.6;1.29485
2.7;1.29485
2.8;1.29438
2.9;1.29475
3;1.29679
3.1;1.29716
3.2;1.29862
3.3;1.29834
3.4;1.29884
3.5;1.29929
3.6;1.29959
3.7;1.29856
3.8;1.29757
3.9;1.29897
4;1.30061
4.1;1.30271
4.2;1.30406
4.3;1.30606
4.4;1.30635
4.5;1.30813
4.6;1.30716
4.7;1.30873
4.8;1.30932
4.9;1.31083
5;1.31135
5.1;1.31212
5.2;1.31225
5.3;1.31461
5.4;1.31346
5.5;1.31423
5.6;1.31521
5.7;1.31554
5.8;1.3163
5.9;1.31815
6;1.31988
6.1;1.32106
6.2;1.32123
6.3;1.32181
6.4;1.32206
6.5;1.32215
6.6;1.32091
6.7;1.32237
6.8;1.32262
6.9;1.32165
7;1.32093
7.1;1.31985
