Lenlab red 7.0 Logger-Daten
Zeit;Kanal_1
0;2.51672
0.1;2.53615
0.2;2.53649
0.3;2.53663
0.4;2.53637
0.5;2.53654
0.6;2.53624
0.7;2.5358
0.8;2.53598
0.9;2.53567
1;2.53582
1.1;2.53567
1.2;2.53598
1.3;2.53593
1.4;2.53588
1.5;2.53582
1.6;2.53553
1.7;2.53527
1.8;2.53531
1.9;2.53498
2;2.53542
2.1;2.53514
2.2;2.53563
2.3;2.53596
2.4;2.53577
2.5;2.53537
2.6;2.53538
2.7;2.53509
2.8;2.53542
2.9;2.53525
3;2.53545
3.1;2.53477
3.2;2.53539
3.3;2.53531
3.4;2.53537
3.5;2.53537
3.6;2.53518
3.7;2.53493
3.8;2.53522
3.9;2.53486
4;2.53534
4.1;2.53487
4.2;2.53526
4.3;2.5351
4.4;2.53526
4.5;2.53535
4.6;2.5352
4.7;2.53472
4.8;2.53508
4.9;2.53466
5;2.53494
5.1;2.53511
5.2;2.53508
5.3;2.53509
5.4;2.53531
5.5;2.5352
5.6;2.53486
5.7;2.53456
5.8;2.53513
5.9;2.53459
6;2.53502
6.1;2.53484
6.2;2.5352
6.3;2.53516
6.4;2.53515
6.5;2.53539
6.6;2.53535
6.7;2.53494
6.8;2.5353
6.9;2.53496
7;2.53522
7.1;2.53499
