Lenlab red 7.0 Logger-Daten
Zeit;Kanal_1
0;2.54197
0.1;2.54248
0.2;2.54237
0.3;2.54221
0.4;2.54219
0.5;2.54216
0.6;2.54146
0.7;2.54168
0.8;2.54096
0.9;2.54139
1;2.54117
1.1;2.54148
1.2;2.54146
1.3;2.54151
1.4;2.5415
1.5;2.54147
1.6;2.54099
1.7;2.54119
1.8;2.54066
1.9;2.54114
2;2.54083
2.1;2.54115
2.2;2.54137
2.3;2.5413
2.4;2.54137
2.5;2.54144
2.6;2.54097
2.7;2.54108
2.8;2.54058
2.9;2.54087
3;2.54068
3.1;2.54097
3.2;2.5413
3.3;2.54112
3.4;2.54069
3.5;2.54125
3.6;2.54051
3.7;2.54094
3.8;2.5406
3.9;2.54097
4;2.54076
4.1;2.54102
4.2;2.54116
4.3;2.54118
4.4;2.54152
4.5;2.54146
4.6;2.54061
4.7;2.54086
4.8;2.54057
4.9;2.54107
5;2.5408
5.1;2.54105
5.2;2.54138
5.3;2.54133
5.4;2.54139
5.5;2.54107
5.6;2.54111
5.7;2.5412
5.8;2.54074
5.9;2.54107
6;2.54114
6.1;2.54116
6.2;2.54149
6.3;2.54133
6.4;2.54125
6.5;2.5415
6.6;2.5408
6.7;2.54072
6.8;2.54088
6.9;2.54102
7;2.54055
7.1;2.54099
7.2;2.54128
7.3;2.54109
7.4;2.54123
7.5;2.5412
