Lenlab red 7.0 Logger-Daten
Zeit;Kanal_1
0;1.93859
0.1;1.93392
0.2;1.9328
0.3;1.93346
0.4;1.93299
0.5;1.9317
0.6;1.92912
0.7;1.92884
0.8;1.92867
0.9;1.9285
1;1.92401
1.1;1.92416
1.2;1.92499
1.3;1.92346
1.4;1.92394
1.5;1.92404
1.6;1.92286
1.7;1.92106
1.8;1.92233
1.9;1.92101
2;1.91978
2.1;1.91858
2.2;1.91749
2.3;1.91552
2.4;1.91357
2.5;1.91339
2.6;1.91355
2.7;1.91299
2.8;1.91293
2.9;1.91147
3;1.90809
3.1;1.9067
3.2;1.90596
3.3;1.90495
3.4;1.90644
3.5;1.90653
3.6;1.90655
3.7;1.90481
3.8;1.90446
3.9;1.90284
4;1.90084
4.1;1.89888
4.2;1.90021
4.3;1.90221
4.4;1.90225
4.5;1.90208
4.6;1.90241
4.7;1.90169
4.8;1.90245
4.9;1.90095
5;1.89773
5.1;1.89595
5.2;1.89529
5.3;1.89381
5.4;1.89471
5.5;1.89456
5.6;1.89748
5.7;1.89746
5.8;1.899
5.9;1.8974
6;1.89814
6.1;1.89673
6.2;1.8969
6.3;1.89762
6.4;1.89855
6.5;1.89985
6.6;1.90141
6.7;1.90103
6.8;1.90173
6.9;1.90311
7;1.9018
7.1;1.89997
7.2;1.89956
7.3;1.89963
7.4;1.90025
7.5;1.90174
7.6;1.90157
7.7;1.90116
7.8;1.90294
7.9;1.90493
8;1.90617
