Lenlab red 7.0 Logger-Daten
Zeit;Kanal_1
0;2.54121
0.1;2.55574
0.2;2.55595
0.3;2.55564
0.4;2.55576
0.5;2.55556
0.6;2.55615
0.7;2.55613
0.8;2.55602
0.9;2.55615
1;2.55605
1.1;2.55538
1.2;2.55593
1.3;2.55568
1.4;2.55598
1.5;2.55548
1.6;2.55606
1.7;2.55657
1.8;2.5559
1.9;2.55604
2;2.55626
2.1;2.55526
2.2;2.55524
2.3;2.55507
2.4;2.55563
2.5;2.55237
2.6;2.55696
2.7;2.55366
2.8;2.55521
2.9;2.55649
3;2.555
3.1;2.55433
3.2;2.5551
3.3;2.55537
3.4;2.55524
3.5;2.55503
3.6;2.55509
3.7;2.55531
3.8;2.55523
3.9;2.55502
4;2.55483
4.1;2.55456
4.2;2.55475
4.3;2.55406
4.4;2.55476
4.5;2.55441
4.6;2.55498
4.7;2.55505
4.8;2.55507
4.9;2.55488
5;2.55496
5.1;2.55453
5.2;2.55487
5.3;2.5546
5.4;2.55488
5.5;2.55445
5.6;2.55492
5.7;2.55565
5.8;2.55526
5.9;2.55503
6;2.55488
6.1;2.5546
6.2;2.55485
6.3;2.55462
6.4;2.55513
