Lenlab red 7.0 Logger-Daten
Zeit;Kanal_1
0;2.3245
0.1;2.32145
0.2;2.32226
0.3;2.32326
0.4;2.32241
0.5;2.3226
0.6;2.3227
0.7;2.32117
0.8;2.3213
0.9;2.32111
1;2.32066
1.1;2.3208
1.2;2.32095
1.3;2.32099
1.4;2.32053
1.5;2.31958
1.6;2.31927
1.7;2.31854
1.8;2.31762
1.9;2.3181
2;2.31953
2.1;2.31909
2.2;2.31984
2.3;2.32
2.4;2.32035
2.5;2.32095
2.6;2.32112
2.7;2.32163
2.8;2.32048
2.9;2.31966
3;2.32006
3.1;2.32002
3.2;2.32058
3.3;2.32058
3.4;2.32147
3.5;2.32253
3.6;2.32244
3.7;2.32309
3.8;2.32318
3.9;2.32275
4;2.3232
4.1;2.3233
4.2;2.32389
4.3;2.32438
4.4;2.32582
4.5;2.3254
4.6;2.32574
4.7;2.32562
4.8;2.32625
4.9;2.32576
5;2.32587
5.1;2.32527
5.2;2.32599
5.3;2.32592
5.4;2.32694
5.5;2.32664
5.6;2.32672
5.7;2.32668
5.8;2.32658
5.9;2.32682
6;2.32729
6.1;2.32693
6.2;2.32798
6.3;2.32783
6.4;2.3286
6.5;2.32896
6.6;2.3292
6.7;2.32893
6.8;2.32941
6.9;2.32853
7;2.32884
7.1;2.32867
7.2;2.32976
7.3;2.32905
7.4;2.32884
7.5;2.32886
7.6;2.32845
7.7;2.32845
7.8;2.32861
7.9;2.3282
8;2.32831
8.1;2.32803
8.2;2.32828
8.3;2.32782
