Lenlab red 7.0 Logger-Daten
Zeit;Kanal_1
0;2.45098
0.1;2.45034
0.2;2.4509
0.3;2.45062
0.4;2.44906
0.5;2.44936
0.6;2.44911
0.7;2.44819
0.8;2.44855
0.9;2.44842
1;2.44905
1.1;2.44907
1.2;2.44823
1.3;2.44842
1.4;2.44781
1.5;2.44735
1.6;2.4478
1.7;2.44768
1.8;2.44837
1.9;2.44778
2;2.44833
2.1;2.44713
2.2;2.4484
2.3;2.44766
2.4;2.44715
2.5;2.44648
2.6;2.44676
2.7;2.44645
2.8;2.44696
2.9;2.44669
3;2.44708
3.1;2.44643
3.2;2.44633
3.3;2.44571
3.4;2.44562
3.5;2.44562
3.6;2.4455
3.7;2.44477
3.8;2.44472
3.9;2.44415
4;2.44428
4.1;2.44429
4.2;2.44393
4.3;2.44385
4.4;2.44284
4.5;2.44254
4.6;2.44253
4.7;2.44179
4.8;2.44158
4.9;2.44165
5;2.44162
5.1;2.44185
5.2;2.44176
5.3;2.44134
5.4;2.44132
5.5;2.44075
5.6;2.44085
5.7;2.44019
5.8;2.44044
5.9;2.44001
6;2.4403
6.1;2.44017
6.2;2.43997
6.3;2.4396
6.4;2.43919
6.5;2.43867
6.6;2.4385
6.7;2.43756
6.8;2.4385
6.9;2.43687
7;2.43717
7.1;2.43735
7.2;2.4377
7.3;2.43769
7.4;2.43742
7.5;2.43678
7.6;2.4375
7.7;2.43678
7.8;2.43713
7.9;2.43661
8;2.43713
8.1;2.43705
8.2;2.43692
8.3;2.43678
8.4;2.43644
8.5;2.43547
