Lenlab red 7.0 Logger-Daten
Zeit;Kanal_1
0;0.0627663
1;0.0748229
2;0.0839118
3;0.091317
4;0.0981462
5;0.10416
6;0.109514
7;0.113916
8;0.117803
9;0.121674
10;0.125806
11;0.129835
12;0.133224
13;0.136966
14;0.141702
15;0.146049
16;0.149806
17;0.153441
18;0.156217
19;0.160132
20;0.163588
21;0.167178
22;0.170848
23;0.174426
24;0.179207
25;0.182045
26;0.185177
27;0.188639
28;0.190876
29;0.193026
30;0.196428
31;0.198883
32;0.20151
33;0.204069
34;0.207751
35;0.210728
36;0.213728
37;0.215377
38;0.217916
39;0.220683
40;0.223336
41;0.225938
42;0.228497
43;0.232226
44;0.234499
45;0.237202
46;0.240167
47;0.242385
48;0.243443
49;0.246061
50;0.247893
51;0.249677
52;0.252138
53;0.254838
54;0.257356
55;0.259311
56;0.26191
57;0.263248
58;0.263606
59;0.265621
60;0.267559
61;0.26979
62;0.272145
63;0.27295
64;0.276991
65;0.278939
66;0.279474
67;0.281674
68;0.282646
69;0.284821
70;0.286143
71;0.287811
72;0.289337
73;0.292475
74;0.294055
75;0.295817
76;0.297095
77;0.298775
78;0.299298
79;0.301281
80;0.302659
81;0.304233
82;0.305444
83;0.307965
84;0.308827
85;0.311037
86;0.312056
87;0.313233
88;0.313104
89;0.314058
90;0.315012
91;0.316629
92;0.317727
93;0.319738
94;0.321548
95;0.323767
96;0.32428
97;0.325907
98;0.325869
99;0.327493
100;0.32834
101;0.329727
102;0.330606
103;0.332302
104;0.334694
105;0.335421
106;0.336626
107;0.337447
108;0.337095
109;0.338316
110;0.338826
111;0.341214
112;0.34089
113;0.34197
114;0.343833
115;0.344988
116;0.345224
117;0.346593
118;0.346165
119;0.347191
120;0.348113
121;0.349007
122;0.349891
123;0.351005
124;0.352768
125;0.353816
126;0.354832
127;0.355348
128;0.354926
129;0.356113
130;0.356657
131;0.3578
132;0.358502
133;0.359515
134;0.360991
135;0.361639
136;0.362974
137;0.36326
138;0.362697
139;0.363502
140;0.364041
141;0.364859
142;0.366253
143;0.365794
144;0.367795
145;0.368554
146;0.368
147;0.369671
148;0.369507
149;0.370055
150;0.370631
151;0.371163
152;0.371798
153;0.372034
154;0.373655
155;0.374284
156;0.374149
157;0.375024
158;0.37402
159;0.374728
160;0.37509
161;0.375364
162;0.37577
163;0.37678
164;0.378782
165;0.379229
166;0.379886
167;0.378329
168;0.379103
169;0.379395
170;0.380591
171;0.380805
172;0.380853
173;0.381535
174;0.383279
175;0.383575
176;0.38484
177;0.384494
178;0.383411
179;0.383968
180;0.384428
181;0.385174
182;0.385362
183;0.385693
184;0.387367
185;0.387694
186;0.387912
187;0.388336
188;0.388327
189;0.388607
190;0.388679
191;0.389274
192;0.389636
193;0.389929
194;0.391392
195;0.391738
196;0.391908
197;0.392409
198;0.391461
199;0.392805
200;0.391367
201;0.392229
202;0.392607
203;0.393139
204;0.394543
205;0.395015
206;0.395641
207;0.394791
208;0.394074
209;0.394769
210;0.395078
211;0.39526
212;0.395474
213;0.395849
214;0.3974
215;0.397485
216;0.39786
217;0.397819
218;0.396994
219;0.397403
220;0.397296
221;0.397605
222;0.397658
223;0.39825
224;0.399254
225;0.399314
226;0.400132
227;0.399943
228;0.398835
229;0.399317
230;0.398996
231;0.399332
232;0.399572
233;0.399729
234;0.401365
235;0.401303
236;0.401192
237;0.401992
238;0.40061
239;0.40106
240;0.400415
241;0.401472
242;0.401712
243;0.401957
244;0.403244
245;0.403364
246;0.403402
247;0.403675
248;0.402687
249;0.402819
250;0.403244
251;0.403373
252;0.403521
253;0.403515
254;0.405718
255;0.405044
256;0.405705
257;0.40568
258;0.404214
259;0.404456
260;0.404604
261;0.40523
262;0.404758
263;0.405277
264;0.406505
265;0.406634
266;0.407084
267;0.406596
268;0.405485
269;0.405756
270;0.405529
271;0.406001
272;0.405863
273;0.406341
274;0.407628
275;0.407323
276;0.407959
277;0.407417
278;0.406426
279;0.406624
280;0.406511
281;0.407131
282;0.407817
283;0.406782
284;0.408862
285;0.408812
286;0.409233
287;0.408856
288;0.408305
289;0.408107
290;0.408195
291;0.408157
292;0.408569
293;0.408563
294;0.409885
295;0.410105
296;0.40979
297;0.410149
298;0.409054
299;0.409123
300;0.408963
301;0.409258
302;0.409145
303;0.410369
304;0.410524
305;0.410347
306;0.410662
307;0.410643
308;0.409164
309;0.409315
310;0.409416
311;0.408805
312;0.409683
313;0.409668
314;0.410763
315;0.410649
316;0.411279
317;0.411015
318;0.409803
319;0.409907
320;0.410684
321;0.410039
322;0.410124
323;0.410357
324;0.411713
325;0.41115
326;0.411389
327;0.410734
328;0.410483
329;0.410602
330;0.410841
331;0.410624
332;0.410895
333;0.411049
334;0.412437
335;0.412484
336;0.413035
337;0.412465
338;0.411247
339;0.411537
340;0.41149
341;0.411613
342;0.411575
343;0.411587
344;0.412768
345;0.413331
346;0.413066
347;0.41318
348;0.412072
349;0.411738
350;0.411395
351;0.411685
352;0.411354
353;0.411697
354;0.413328
355;0.412802
356;0.413488
357;0.413199
358;0.412009
359;0.412289
360;0.412069
361;0.412415
362;0.411257
363;0.412236
364;0.413797
365;0.413856
366;0.413948
367;0.413472
368;0.412333
369;0.412638
370;0.412497
371;0.413227
372;0.412733
373;0.412865
374;0.414206
375;0.414262
376;0.414083
377;0.413819
378;0.412875
379;0.412868
380;0.412994
381;0.413151
382;0.413249
383;0.413375
384;0.414376
385;0.414328
386;0.414256
387;0.41414
388;0.412632
389;0.412966
390;0.412604
391;0.413145
392;0.413208
393;0.413041
394;0.414215
395;0.415049
396;0.41448
397;0.414269
398;0.413504
399;0.413712
400;0.413806
401;0.414108
402;0.41374
403;0.413989
404;0.415553
405;0.415553
406;0.414841
407;0.414448
408;0.413271
409;0.413504
410;0.413384
411;0.413608
412;0.413633
413;0.413891
414;0.414772
415;0.414923
416;0.415436
417;0.415166
418;0.414461
419;0.414401
420;0.413834
421;0.414017
422;0.41413
423;0.414137
424;0.415169
425;0.415282
426;0.415295
427;0.415524
428;0.414089
429;0.413888
430;0.413841
431;0.413768
432;0.413419
433;0.413929
434;0.416018
435;0.415225
436;0.415159
437;0.41509
438;0.413743
439;0.413768
440;0.414171
441;0.413847
442;0.414001
443;0.414288
444;0.415392
445;0.415436
446;0.415342
447;0.415628
448;0.41414
449;0.413743
450;0.414801
451;0.414502
452;0.414546
453;0.414432
454;0.416229
455;0.415496
456;0.416415
457;0.416217
458;0.414165
459;0.414489
460;0.414605
461;0.415282
462;0.414744
463;0.414602
464;0.415603
465;0.414999
466;0.416022
467;0.41549
468;0.414055
469;0.414568
470;0.414351
471;0.414615
472;0.414423
473;0.414851
474;0.416424
475;0.415332
476;0.416557
477;0.416163
478;0.414668
479;0.414615
480;0.41481
481;0.414999
482;0.414747
483;0.41514
484;0.416799
485;0.416229
486;0.416711
487;0.415675
488;0.414354
489;0.41464
490;0.414052
491;0.414571
492;0.414294
493;0.414102
494;0.416081
495;0.415509
496;0.415959
497;0.415786
498;0.414958
499;0.414615
500;0.414662
501;0.414826
502;0.415546
503;0.414952
504;0.41577
505;0.416185
506;0.416362
507;0.41627
508;0.41475
509;0.415109
510;0.414848
511;0.414986
512;0.415055
513;0.4156
514;0.416824
515;0.416327
516;0.416229
517;0.415672
518;0.414395
519;0.414785
520;0.414546
521;0.414615
522;0.414624
523;0.414486
524;0.415871
525;0.416214
526;0.415688
527;0.41605
528;0.414904
529;0.415103
530;0.414788
531;0.41515
532;0.4147
533;0.414876
534;0.416616
535;0.416446
536;0.416292
537;0.416472
538;0.414945
539;0.414835
540;0.415011
541;0.414993
542;0.415156
543;0.414876
544;0.416003
545;0.415461
546;0.41555
547;0.414867
548;0.414533
549;0.414561
550;0.41448
551;0.414439
552;0.414294
553;0.414335
554;0.415786
555;0.415732
556;0.415996
557;0.41605
558;0.414442
559;0.414379
560;0.414659
561;0.414829
562;0.414615
563;0.41458
564;0.415754
565;0.41593
566;0.416179
567;0.416028
568;0.415128
569;0.414791
570;0.414955
571;0.415122
572;0.415018
573;0.415282
574;0.415984
575;0.415767
576;0.415921
577;0.415754
578;0.414668
579;0.415232
580;0.414508
581;0.413712
582;0.414439
583;0.414728
584;0.415905
585;0.416125
586;0.416091
587;0.415971
588;0.414867
589;0.414892
590;0.414819
591;0.415027
592;0.413948
593;0.41526
594;0.416692
595;0.415411
596;0.415509
597;0.415855
598;0.414697
599;0.414772
600;0.414684
601;0.414816
602;0.414552
603;0.416358
604;0.416012
605;0.416327
606;0.416818
607;0.415968
608;0.414458
609;0.415229
610;0.414624
611;0.414476
612;0.41475
613;0.414873
614;0.416179
615;0.415697
616;0.415707
617;0.415839
618;0.414819
619;0.415288
620;0.414813
621;0.414734
622;0.414281
623;0.414074
624;0.415364
625;0.415376
626;0.416094
627;0.416125
628;0.414495
629;0.414502
630;0.414716
631;0.414838
632;0.414819
633;0.414923
634;0.415568
635;0.415553
636;0.416059
637;0.415562
638;0.414306
639;0.41425
640;0.41407
641;0.414747
642;0.414621
643;0.414816
644;0.416144
645;0.415697
646;0.415864
647;0.415694
648;0.414099
649;0.414266
650;0.414225
651;0.414404
652;0.414536
653;0.414681
654;0.416204
655;0.415978
656;0.416141
657;0.415833
658;0.414379
659;0.414649
660;0.414338
661;0.414857
662;0.414807
663;0.414772
664;0.416185
665;0.41588
666;0.415638
667;0.415603
668;0.414026
669;0.414083
670;0.415175
671;0.414256
672;0.414489
673;0.414033
674;0.415981
675;0.415216
676;0.415685
677;0.417158
678;0.414111
679;0.414672
680;0.414376
681;0.41453
682;0.416012
683;0.414552
684;0.416151
685;0.414945
686;0.414948
687;0.415285
688;0.414159
689;0.414322
690;0.413891
691;0.414014
692;0.413926
693;0.414335
694;0.415553
695;0.415534
696;0.415354
697;0.415263
698;0.414473
699;0.414561
700;0.41448
701;0.414665
702;0.414269
703;0.414649
704;0.41582
705;0.415956
706;0.414325
707;0.415487
708;0.41419
709;0.41402
710;0.414162
711;0.415147
712;0.414159
713;0.414514
714;0.415465
715;0.415531
716;0.415298
717;0.415273
718;0.41447
719;0.414388
720;0.414231
721;0.414709
722;0.414454
723;0.41458
724;0.416151
725;0.415729
726;0.415883
727;0.415704
728;0.415436
729;0.414511
730;0.414643
731;0.414502
732;0.414555
733;0.414794
734;0.415373
735;0.416157
736;0.416148
737;0.415716
738;0.414568
739;0.414763
740;0.414288
741;0.415222
742;0.414253
743;0.413438
744;0.414753
745;0.4152
746;0.415575
747;0.415068
748;0.414058
749;0.413945
750;0.413844
751;0.413945
752;0.413775
753;0.413976
754;0.414986
755;0.415254
756;0.415282
757;0.415251
758;0.413951
759;0.413671
760;0.413894
761;0.414055
762;0.414048
763;0.414262
764;0.415247
765;0.415474
766;0.415244
767;0.415361
768;0.414092
769;0.414266
770;0.414445
771;0.414291
772;0.413998
773;0.414155
774;0.41572
775;0.415521
776;0.415716
777;0.41582
778;0.414221
779;0.414297
780;0.414253
781;0.414335
782;0.414111
783;0.41442
784;0.415638
785;0.415616
786;0.415691
787;0.415817
788;0.414646
789;0.414042
790;0.414269
791;0.415345
792;0.414404
793;0.414177
794;0.416063
795;0.415471
796;0.416132
797;0.415701
798;0.414593
799;0.414536
800;0.414804
801;0.414627
802;0.414681
803;0.414782
804;0.416022
805;0.415477
806;0.415118
807;0.415675
808;0.414017
809;0.414159
810;0.413919
811;0.414347
812;0.414124
813;0.41424
814;0.415096
815;0.415197
816;0.415889
817;0.415301
818;0.414303
819;0.414524
820;0.414454
821;0.414303
822;0.414486
823;0.413523
824;0.415134
825;0.41559
826;0.415959
827;0.41566
828;0.414464
829;0.414892
830;0.414215
831;0.414417
832;0.414423
833;0.414668
834;0.415653
835;0.415408
836;0.415833
837;0.415581
838;0.414498
839;0.414731
840;0.415543
841;0.414398
842;0.414413
843;0.414668
844;0.415515
845;0.415968
846;0.415811
847;0.415568
848;0.414108
849;0.41419
850;0.414212
851;0.41436
852;0.414133
853;0.414602
854;0.41576
855;0.415326
856;0.415556
857;0.415704
858;0.414505
859;0.414366
860;0.413847
861;0.414231
862;0.414332
863;0.414637
864;0.415644
865;0.41576
866;0.41521
867;0.415389
868;0.414445
869;0.414631
870;0.414451
871;0.414725
872;0.413476
873;0.414473
874;0.416129
875;0.415915
876;0.416135
877;0.415455
878;0.414165
879;0.414174
880;0.414675
881;0.414508
882;0.414259
883;0.416116
884;0.416113
885;0.415546
886;0.415477
887;0.415949
888;0.414146
889;0.413948
890;0.414055
891;0.41448
892;0.41408
893;0.413869
894;0.415027
895;0.414911
896;0.415216
897;0.413768
898;0.413532
899;0.413668
900;0.413605
901;0.413963
902;0.413696
903;0.413834
904;0.415027
905;0.414923
906;0.41515
907;0.415122
908;0.413856
909;0.413838
910;0.413841
911;0.41396
912;0.413815
913;0.413982
914;0.415534
915;0.415027
916;0.41559
917;0.415162
918;0.413935
919;0.414347
920;0.414105
921;0.413375
922;0.413699
923;0.413904
924;0.415424
925;0.414851
926;0.414901
927;0.414662
928;0.413759
929;0.41363
930;0.41368
931;0.413683
932;0.413708
933;0.413089
934;0.414712
935;0.41554
936;0.415037
937;0.414587
938;0.413775
939;0.413841
940;0.413677
941;0.413753
942;0.413548
943;0.413614
944;0.415446
945;0.414801
946;0.415288
947;0.414933
948;0.412856
949;0.41369
950;0.414624
951;0.41363
952;0.413513
953;0.413601
954;0.414926
955;0.414599
956;0.414599
957;0.414898
958;0.41352
959;0.413592
960;0.413624
961;0.413737
962;0.413954
963;0.413743
964;0.415046
965;0.414838
966;0.415364
967;0.415348
968;0.413948
969;0.413853
970;0.413447
971;0.413636
972;0.413831
973;0.414624
974;0.415263
975;0.415046
976;0.414722
977;0.414621
978;0.413831
979;0.413731
980;0.413731
981;0.413885
982;0.413894
983;0.41441
984;0.415282
985;0.415269
986;0.415254
987;0.414788
988;0.414042
989;0.415021
990;0.413872
991;0.414048
992;0.414026
993;0.41413
994;0.415487
995;0.414694
996;0.415159
997;0.415087
998;0.41352
999;0.413923
1000;0.413815
1001;0.413841
1002;0.413806
1003;0.413724
1004;0.414587
1005;0.415081
1006;0.414857
1007;0.414511
1008;0.41368
1009;0.41385
1010;0.413318
1011;0.413095
1012;0.413148
1013;0.413683
1014;0.414539
1015;0.41497
1016;0.416031
1017;0.415559
1018;0.413992
1019;0.413932
1020;0.413762
1021;0.414882
1022;0.413507
1023;0.413727
1024;0.414631
1025;0.41453
1026;0.415609
1027;0.415512
1028;0.41402
1029;0.414067
1030;0.41363
1031;0.414149
1032;0.413586
1033;0.414845
1034;0.414631
1035;0.414993
1036;0.41458
1037;0.41549
