Lenlab red 7.0 Logger-Daten
Zeit;Kanal_1
0;0.375263
1;0.360557
2;0.352849
3;0.343997
4;0.33847
5;0.332245
6;0.327235
7;0.322612
8;0.318108
9;0.313677
10;0.310366
11;0.306275
12;0.302801
13;0.300031
14;0.297019
15;0.293067
16;0.28793
17;0.284887
18;0.281221
19;0.278646
20;0.274713
21;0.272768
22;0.268805
23;0.26591
24;0.263364
25;0.259691
26;0.25515
27;0.252314
28;0.249444
29;0.24693
30;0.244047
31;0.241636
32;0.239468
33;0.236724
34;0.234395
35;0.230061
36;0.227172
37;0.225337
38;0.221728
39;0.219386
40;0.216525
41;0.213643
42;0.212362
43;0.210228
44;0.207685
45;0.20535
46;0.202433
47;0.199569
48;0.197473
49;0.194964
50;0.192582
51;0.19053
52;0.189668
53;0.187002
54;0.185073
55;0.182376
56;0.179915
57;0.17673
58;0.17447
59;0.17267
60;0.170039
61;0.168588
62;0.167207
63;0.16586
64;0.163874
65;0.161882
66;0.158791
67;0.15673
68;0.155635
69;0.152865
70;0.150769
71;0.149249
72;0.148286
73;0.146801
74;0.14585
75;0.143805
76;0.14068
77;0.139119
78;0.137284
79;0.135657
80;0.133841
81;0.132371
82;0.132261
83;0.130027
84;0.128488
85;0.126964
86;0.124648
87;0.123134
88;0.121265
89;0.11966
90;0.118823
91;0.117441
92;0.116604
93;0.116148
94;0.114779
95;0.113142
96;0.110046
97;0.109221
98;0.107855
99;0.106426
100;0.105319
101;0.104157
102;0.104072
103;0.102637
104;0.100437
105;0.100607
106;0.09814
107;0.0972525
108;0.0952257
109;0.0948134
110;0.0938662
111;0.0928119
112;0.0932021
113;0.0922108
114;0.0903603
115;0.0891927
116;0.0873988
117;0.0863791
118;0.0846419
119;0.0836852
120;0.0830086
121;0.0816836
122;0.0816899
123;0.0809031
124;0.0801762
125;0.0779417
126;0.0766954
127;0.0757891
128;0.0753705
129;0.0749519
130;0.0740267
131;0.0736396
132;0.0739449
133;0.0722706
134;0.0715814
135;0.0707442
136;0.0686199
137;0.0679338
138;0.0669488
139;0.0664736
140;0.065498
141;0.0650196
142;0.0654571
143;0.0641636
144;0.0630999
145;0.0624106
146;0.0620928
147;0.0603556
148;0.0596538
149;0.0585617
150;0.0578756
151;0.0574256
152;0.0574193
153;0.0567332
154;0.0568025
155;0.055937
156;0.0541463
157;0.0536018
158;0.0527773
159;0.0524878
160;0.0513296
161;0.0511439
162;0.0514177
163;0.0511093
164;0.0504988
165;0.0497057
166;0.0475184
167;0.047509
168;0.0465019
169;0.0462218
170;0.0451927
171;0.0461432
172;0.0462942
173;0.0447427
174;0.0444091
175;0.0435247
176;0.0430181
177;0.0421526
178;0.0416963
179;0.0409661
180;0.0407804
181;0.0403776
182;0.0406955
183;0.0401133
184;0.0398993
185;0.0390653
186;0.0376396
187;0.0374539
188;0.0367962
189;0.0364437
190;0.0355247
191;0.0355877
192;0.0361699
193;0.0357639
194;0.0351565
195;0.0344988
196;0.0331801
197;0.0330039
198;0.0312321
199;0.0322108
200;0.0319276
201;0.0326168
202;0.0324657
203;0.031723
204;0.0314807
205;0.03138
206;0.0296994
207;0.0292683
208;0.0289504
209;0.0286325
210;0.0283934
211;0.0279087
212;0.0291927
213;0.0285853
214;0.0285381
215;0.0275153
216;0.0255956
217;0.0258788
218;0.0252274
219;0.0250857
220;0.0245444
221;0.0245602
222;0.02552
223;0.0249661
224;0.0252179
225;0.0244626
226;0.0234398
227;0.023295
228;0.0227191
229;0.0225649
230;0.0219481
231;0.0234241
232;0.0229614
233;0.0227474
234;0.0228072
235;0.0227097
236;0.0198615
237;0.0204689
238;0.0200031
239;0.0199842
240;0.0199591
241;0.0193139
242;0.0202171
243;0.0200787
244;0.0198269
245;0.0191534
246;0.0179418
247;0.0181621
248;0.0177215
249;0.0174603
250;0.0175641
251;0.0171455
252;0.0176868
253;0.0180802
254;0.0176522
255;0.0178222
256;0.0165287
257;0.0161479
258;0.0159905
259;0.0156129
260;0.0156475
261;0.0155185
262;0.0173627
263;0.0161636
264;0.0159024
265;0.0161983
266;0.014568
267;0.0144579
268;0.0144107
269;0.0142124
270;0.0137498
271;0.0140016
272;0.014609
273;0.0141306
274;0.0149426
275;0.0140141
276;0.0123367
277;0.0129756
278;0.0123053
279;0.0124217
280;0.0126483
281;0.0132557
282;0.0131676
283;0.0125098
284;0.0131392
285;0.0123178
286;0.0109426
287;0.0115562
288;0.0111975
289;0.0113737
290;0.0109583
291;0.0112195
292;0.0118647
293;0.0117797
294;0.0119811
295;0.0112226
296;0.0105964
297;0.0105145
298;0.0102565
299;0.0102313
300;0.00983162
301;0.00959558
302;0.0101023
303;0.010395
304;0.0106058
305;0.0102219
306;0.00883713
307;0.00927143
308;0.00846577
309;0.00869551
310;0.00834932
311;0.00862627
312;0.00944452
313;0.00967426
314;0.0096302
315;0.00953894
316;0.00813217
317;0.00792761
318;0.00757828
319;0.00767269
320;0.00748386
321;0.00735798
322;0.00874586
323;0.00851927
324;0.00848465
325;0.00842171
326;0.00708418
327;0.0068985
328;0.00694571
329;0.00682297
330;0.00783319
331;0.00770102
332;0.00849409
333;0.00790558
334;0.00769787
335;0.00792131
336;0.00630684
337;0.00625019
338;0.00624075
339;0.00618725
340;0.00614634
341;0.00569315
342;0.00702438
343;0.00706844
344;0.0072258
345;0.00554838
346;0.00542879
347;0.00516758
348;0.00551062
349;0.0056365
350;0.00520535
351;0.00642643
352;0.00645475
353;0.0061306
354;0.00721636
355;0.00631313
356;0.00485601
357;0.00487175
358;0.00485916
359;0.0047616
360;0.00492525
361;0.00493469
362;0.00578127
363;0.00632572
364;0.00565538
365;0.00590715
366;0.004321
367;0.00440598
368;0.00459166
369;0.00443115
370;0.00416994
371;0.00445633
372;0.00530291
373;0.005369
374;0.00523052
375;0.005369
376;0.00371046
377;0.00434933
378;0.0039402
379;0.00381746
380;0.00398426
381;0.00442171
382;0.00471125
383;0.00564909
384;0.00484657
385;0.00506687
386;0.00368214
387;0.00381432
388;0.00375137
389;0.00369787
390;0.00350904
391;0.00438395
392;0.0068922
393;0.00470495
394;0.00478992
395;0.00455074
396;0.00363493
397;0.00353422
398;0.00320063
399;0.00391502
400;0.00340834
401;0.00340834
402;0.00405035
403;0.00389929
404;0.00450668
405;0.00440912
406;0.0029048
407;0.00288591
408;0.00284185
409;0.00296459
410;0.00281353
411;0.0030118
412;0.00393705
413;0.00414476
414;0.00416365
415;0.00355625
416;0.00288591
417;0.00285444
418;0.0026247
419;0.00271597
420;0.00277262
421;0.00392761
422;0.00418568
423;0.0038867
424;0.00266247
425;0.00370417
426;0.00254288
427;0.00266247
428;0.00246105
429;0.00251455
430;0.00243273
431;0.00271597
432;0.00421085
433;0.0036129
434;0.00402832
435;0.00383949
436;0.00229111
437;0.00229425
438;0.00223446
439;0.00233202
440;0.00239182
441;0.00233831
442;0.00378284
443;0.00346184
444;0.00364122
445;0.00318489
446;0.00193863
447;0.00199213
448;0.00222502
449;0.00216837
450;0.00217152
451;0.00234776
452;0.00319433
453;0.00295515
454;0.00301809
455;0.00293312
456;0.00175924
457;0.00217466
458;0.00185995
459;0.0021369
460;0.00174351
461;0.00196695
462;0.00334539
463;0.00282297
464;0.00342722
465;0.0021369
466;0.00188828
467;0.00198898
468;0.00194178
469;0.00197325
470;0.00290165
471;0.00378599
472;0.00330763
473;0.00311565
474;0.00282927
475;0.00284815
476;0.0018631
477;0.00196695
478;0.00160818
479;0.00166168
480;0.00164909
481;0.00181904
482;0.0028985
483;0.00286703
484;0.00302124
485;0.00260897
486;0.00135956
487;0.00167427
488;0.00142879
489;0.00166798
490;0.00151377
491;0.00165539
492;0.00280724
493;0.00236664
494;0.00287018
495;0.00264988
496;0.00163965
497;0.00168056
498;0.00165224
499;0.00170574
500;0.00172148
501;0.00177498
502;0.00328245
503;0.00291109
504;0.00247049
505;0.00282612
506;0.00139732
507;0.00181274
508;0.00160818
509;0.00171204
510;0.00143194
511;0.00176554
512;0.00230055
513;0.0027915
514;0.00302124
515;0.00255232
516;0.00130291
517;0.0015295
518;0.00123682
519;0.00149488
520;0.0014225
521;0.00170259
522;0.00269394
523;0.00217152
524;0.00271912
525;0.00226278
526;0.00114555
527;0.00130291
528;0.00116129
529;0.00147285
530;0.00107317
531;0.00125885
532;0.00203934
533;0.00237923
534;0.00276947
535;0.00149488
536;0.00135012
537;0.00131235
538;0.00118332
539;0.00139732
540;0.00128088
541;0.00153265
542;0.00253029
543;0.00234776
544;0.0026782
545;0.00227852
546;0.00183792
547;0.00334539
548;0.00184422
549;0.00132809
550;0.00130291
551;0.00150433
552;0.00270023
553;0.00231314
554;0.0024107
555;0.00212431
556;0.00153894
557;0.0013092
558;0.00121479
559;0.00127773
