Lenlab red 7.0 Logger-Daten
Zeit;Kanal_3
0;2.55026
1;2.55272
2;2.55195
3;2.55262
4;2.55315
5;2.55311
6;2.55245
7;2.55238
8;2.55248
9;2.55232
10;2.55293
11;2.55299
12;2.55197
13;2.55126
14;2.54202
15;2.54746
16;2.54767
17;2.54748
18;2.54781
19;2.54855
20;2.54865
21;2.54817
22;2.54835
23;2.54894
24;2.54988
25;2.55015
26;2.54927
27;2.55176
28;2.55084
29;2.55074
30;2.55181
31;2.55109
32;2.55166
33;2.55198
34;2.55152
35;2.55096
36;2.55124
37;2.55108
38;2.55091
39;2.55013
40;2.55137
41;2.55138
42;2.55112
43;2.55016
44;2.54939
45;2.54832
46;2.54868
47;2.54843
48;2.54697
49;2.54503
50;2.53592
51;2.54103
52;2.54445
53;2.54567
54;2.54554
55;2.54677
56;2.54478
57;2.54615
58;2.54721
59;2.5465
60;2.54714
61;2.54629
62;2.54607
63;2.54509
64;2.54604
65;2.54656
66;2.54707
67;2.54654
68;2.54493
69;2.54382
70;2.54292
71;2.54232
72;2.54257
73;2.54488
74;2.54566
75;2.54122
76;2.53978
77;2.54278
78;2.54357
79;2.54497
80;2.54258
81;2.54617
82;2.54699
83;2.54561
84;2.54432
85;2.54549
86;2.54561
87;2.54626
88;2.54574
89;2.54615
90;2.54685
91;2.54664
92;2.54696
93;2.54701
94;2.54611
95;2.54592
96;2.54619
97;2.54501
98;2.5456
99;2.54528
100;2.54589
101;2.54405
102;2.54555
103;2.54542
104;2.5454
105;2.54612
106;2.54594
107;2.54491
108;2.5448
109;2.5449
110;2.54576
111;2.54547
112;2.54506
113;2.54573
114;2.54768
115;2.54736
116;2.54677
117;2.54326
118;2.54369
119;2.5369
120;2.54015
121;2.54068
122;2.54044
123;2.54167
124;2.54035
125;2.54323
126;2.5443
127;2.54426
128;2.54451
129;2.54488
130;2.54423
131;2.54454
132;2.5441
133;2.54391
134;2.54478
135;2.54177
136;2.53801
137;2.54033
138;2.54139
139;2.54044
140;2.5415
141;2.53337
142;2.53053
143;2.53099
144;2.53096
145;2.52469
146;2.52603
147;2.52876
148;2.54089
149;2.53942
150;2.53524
151;2.52799
152;2.53165
153;2.53564
154;2.52923
155;2.53469
156;2.53131
157;2.53907
158;2.53952
159;2.54247
160;2.5426
161;2.54174
162;2.54157
163;2.54169
164;2.54076
165;2.54
166;2.54002
167;2.54071
168;2.54095
169;2.54104
170;2.54332
171;2.54451
172;2.5441
173;2.54355
174;2.54289
175;2.54245
176;2.5409
177;2.54095
178;2.54104
179;2.5416
180;2.54301
181;2.5424
182;2.54203
183;2.54374
184;2.54514
185;2.54425
186;2.54446
187;2.53919
188;2.53872
189;2.54114
190;2.54373
191;2.54337
192;2.54345
193;2.54314
194;2.54389
195;2.54409
196;2.54429
197;2.54392
198;2.54415
199;2.54386
200;2.54415
201;2.54541
202;2.54467
203;2.54421
204;2.54247
205;2.54449
206;2.54444
207;2.54371
208;2.54452
209;2.53832
210;2.54201
211;2.54083
212;2.54355
213;2.54414
214;2.54384
215;2.54299
216;2.54267
217;2.54404
218;2.5445
219;2.54521
220;2.54567
221;2.54609
222;2.54552
223;2.54518
224;2.545
225;2.54507
226;2.54536
227;2.54296
228;2.54166
229;2.53818
230;2.53964
231;2.53929
232;2.53996
233;2.54209
234;2.54298
235;2.54308
236;2.54313
237;2.53829
238;2.54335
239;2.54865
240;2.54622
241;2.54635
242;2.54378
243;2.55072
244;2.54894
245;2.54815
246;2.54858
247;2.54922
248;2.54977
249;2.54826
250;2.54701
251;2.54763
252;2.54966
253;2.55111
254;2.54467
255;2.54344
256;2.5378
257;2.53497
258;2.53779
259;2.54462
260;2.54428
261;2.54441
262;2.54613
263;2.54838
264;2.54875
265;2.54594
266;2.54855
267;2.55477
268;2.55441
269;2.54908
270;2.54901
271;2.54766
272;2.54762
273;2.54699
274;2.54685
275;2.54605
276;2.54566
277;2.54572
278;2.54642
279;2.54814
280;2.53113
281;2.52693
282;2.53154
283;2.54849
284;2.53561
285;2.52339
286;2.53917
287;2.54838
288;2.54771
289;2.54715
290;2.53524
291;2.53692
292;2.54475
293;2.54364
294;2.5526
295;2.55426
296;2.55357
297;2.55161
298;2.55065
299;2.55343
300;2.54784
301;2.55483
302;2.55629
303;2.55683
304;2.55593
305;2.55522
306;2.55581
307;2.54077
308;2.53999
309;2.54749
310;2.55058
311;2.54932
312;2.55589
313;2.55651
314;2.55662
315;2.5586
316;2.55913
317;2.55796
318;2.55788
319;2.55792
320;2.56047
321;2.5602
322;2.55294
323;2.54899
324;2.55072
325;2.55201
326;2.55227
327;2.5526
328;2.55122
329;2.55052
330;2.55123
331;2.55097
332;2.55148
333;2.55134
334;2.55122
335;2.55031
336;2.54904
337;2.55207
338;2.54955
339;2.55011
340;2.55062
341;2.55133
342;2.55202
343;2.54692
344;2.5585
345;2.55892
346;2.55928
347;2.55486
348;2.56087
349;2.56199
350;2.55956
351;2.54916
352;2.55023
353;2.55114
354;2.55276
355;2.55304
356;2.55366
357;2.55398
358;2.55357
359;2.55889
360;2.56257
361;2.5641
362;2.56393
363;2.56301
364;2.56133
365;2.55667
366;2.5513
367;2.54915
368;2.5508
369;2.55165
370;2.55603
371;2.56223
372;2.5626
373;2.56244
374;2.56253
375;2.56259
376;2.5622
377;2.56192
378;2.56233
379;2.56206
380;2.56284
381;2.56338
382;2.56386
383;2.55885
384;2.56147
385;2.55691
386;2.55546
387;2.55363
388;2.56215
389;2.56282
390;2.5621
391;2.56273
392;2.5626
393;2.56421
394;2.56387
395;2.56381
396;2.56399
397;2.5638
398;2.56361
399;2.56353
400;2.56414
401;2.564
402;2.56425
403;2.56302
404;2.56307
405;2.56316
406;2.56379
407;2.56404
408;2.56413
409;2.56404
410;2.56521
411;2.56591
412;2.56616
413;2.56631
414;2.56613
415;2.56618
416;2.56655
417;2.56626
418;2.56635
419;2.566
420;2.56718
421;2.56643
422;2.5667
423;2.56652
424;2.56583
425;2.56567
426;2.56692
427;2.56625
428;2.5665
429;2.56458
430;2.56607
431;2.56596
432;2.56707
433;2.56716
434;2.56625
435;2.56678
436;2.56689
437;2.56695
438;2.56748
439;2.56741
440;2.56878
441;2.5693
442;2.56985
443;2.57052
444;2.57005
445;2.57
446;2.56984
447;2.56986
448;2.57046
449;2.56962
450;2.57067
451;2.57076
452;2.57095
453;2.57064
454;2.57143
455;2.57123
456;2.57141
457;2.57148
458;2.57175
459;2.57159
460;2.57208
461;2.57205
462;2.57226
463;2.57226
464;2.57218
465;2.57122
466;2.57159
467;2.57128
468;2.57134
469;2.57113
470;2.57206
471;2.572
472;2.57245
473;2.57248
474;2.57197
475;2.57193
476;2.57206
477;2.57164
478;2.5717
479;2.5716
480;2.57293
481;2.57314
482;2.57332
483;2.57252
484;2.57077
485;2.5705
486;2.57081
487;2.54676
488;2.55739
489;2.57038
490;2.57173
491;2.57151
492;2.57141
493;2.57161
494;2.56223
495;2.55929
496;2.55916
497;2.55888
498;2.55901
499;2.55942
500;2.55938
501;2.55819
502;2.56213
503;2.56462
504;2.5555
505;2.55422
506;2.55221
507;2.55198
508;2.55076
509;2.55116
510;2.55325
511;2.55686
512;2.55491
513;2.55436
514;2.55321
515;2.55115
516;2.55089
517;2.54852
518;2.55417
519;2.55452
520;2.55453
521;2.55508
522;2.55311
523;2.55461
524;2.55587
525;2.55622
526;2.55662
527;2.55492
528;2.55458
529;2.55494
530;2.5568
531;2.55663
532;2.55747
533;2.55933
534;2.5567
535;2.55446
536;2.55548
537;2.55656
538;2.55719
539;2.55658
540;2.55762
541;2.55598
542;2.55539
543;2.55628
544;2.55621
545;2.55374
546;2.55544
547;2.55409
548;2.55467
549;2.55383
550;2.55473
551;2.55419
552;2.55381
553;2.55391
554;2.55381
555;2.55324
556;2.55705
557;2.55203
558;2.55354
559;2.55766
560;2.55966
561;2.56023
562;2.56115
563;2.56112
564;2.55869
565;2.55993
566;2.561
567;2.56308
568;2.56882
569;2.56929
570;2.56971
571;2.56955
572;2.57108
573;2.57083
574;2.56655
575;2.56481
576;2.57072
577;2.55928
578;2.5687
579;2.57163
580;2.57131
581;2.56582
582;2.57131
583;2.5716
584;2.57199
585;2.57206
586;2.57236
587;2.57239
588;2.57322
589;2.5729
590;2.5674
591;2.56166
592;2.56117
593;2.56372
594;2.57415
595;2.57446
596;2.56444
597;2.5728
598;2.57507
599;2.56477
600;2.5638
601;2.56627
602;2.56544
603;2.57445
604;2.57363
605;2.56776
606;2.56385
607;2.56491
608;2.5735
609;2.56246
610;2.56079
611;2.56086
612;2.56117
613;2.56087
614;2.56062
615;2.56011
616;2.56076
617;2.56036
618;2.5609
619;2.5608
620;2.56099
621;2.56121
622;2.56107
623;2.56102
624;2.56073
625;2.56034
626;2.5606
627;2.56065
628;2.56085
629;2.56049
630;2.56115
631;2.56132
632;2.5613
633;2.56117
634;2.56045
635;2.55988
636;2.56032
637;2.56048
638;2.56087
639;2.56042
640;2.56107
641;2.56097
642;2.5611
643;2.56123
644;2.56119
645;2.56043
646;2.56071
647;2.56063
648;2.56054
649;2.55983
650;2.56068
651;2.56053
652;2.56022
653;2.56079
654;2.56055
655;2.56064
656;2.56127
657;2.56168
658;2.5623
659;2.56227
660;2.56448
661;2.56497
662;2.56514
663;2.56507
664;2.56509
665;2.5668
666;2.56939
667;2.56329
668;2.56434
669;2.5641
670;2.56327
671;2.56318
672;2.57774
673;2.57862
674;2.56122
675;2.57702
676;2.57947
677;2.57921
678;2.57942
679;2.57897
680;2.58025
681;2.58003
682;2.57993
683;2.58
684;2.57953
685;2.57948
686;2.58036
687;2.5768
688;2.58894
689;2.59004
690;2.59131
691;2.59151
692;2.57018
693;2.59115
694;2.59139
695;2.59174
696;2.58815
697;2.59298
698;2.59279
699;2.57055
700;2.5727
701;2.59081
702;2.59062
703;2.59058
704;2.58964
705;2.5888
706;2.58905
707;2.58847
708;2.58759
709;2.5867
710;2.58686
711;2.58647
712;2.58571
713;2.58521
714;2.58389
715;2.58346
716;2.58346
717;2.58298
718;2.58336
719;2.58255
720;2.58191
721;2.58211
722;2.5811
723;2.58151
724;2.58118
725;2.58158
726;2.58233
727;2.58332
728;2.58326
729;2.58343
730;2.58449
731;2.5844
732;2.58472
733;2.58504
734;2.58451
735;2.58462
736;2.5852
737;2.58556
738;2.58577
739;2.58558
740;2.58593
741;2.58262
742;2.56757
743;2.56718
744;2.56733
745;2.56656
746;2.56649
747;2.56602
748;2.56625
749;2.56552
750;2.56544
751;2.5643
752;2.56428
753;2.56455
754;2.56422
755;2.56388
756;2.56406
757;2.56375
758;2.56396
759;2.564
760;2.56448
761;2.56434
762;2.56351
763;2.56327
764;2.56237
765;2.56172
766;2.56256
767;2.56205
768;2.5626
769;2.56264
770;2.56373
771;2.56389
772;2.56373
773;2.56333
774;2.56313
775;2.56272
776;2.56251
777;2.56218
778;2.56215
779;2.56195
780;2.56247
781;2.56253
782;2.56241
783;2.5625
784;2.56234
785;2.56195
786;2.56232
787;2.56205
788;2.56242
789;2.56212
790;2.56128
791;2.5619
792;2.56161
793;2.56217
794;2.56172
795;2.56152
796;2.56102
797;2.56071
798;2.56187
799;2.56097
800;2.56045
801;2.55889
802;2.55986
803;2.56112
804;2.56149
805;2.56067
806;2.56181
807;2.56222
808;2.56213
809;2.56154
810;2.56235
811;2.56282
812;2.56242
813;2.56127
814;2.56077
815;2.56025
816;2.56027
817;2.56025
818;2.56022
819;2.5597
820;2.56051
821;2.5608
822;2.56083
823;2.56028
824;2.55976
825;2.56015
826;2.56009
827;2.5597
828;2.56005
829;2.56025
830;2.56115
831;2.56093
832;2.56094
833;2.56031
834;2.55954
835;2.55917
836;2.55899
837;2.55794
838;2.55409
839;2.5536
840;2.55396
841;2.55504
842;2.55355
843;2.55492
844;2.5552
845;2.55331
846;2.55384
847;2.55189
848;2.55292
849;2.55314
850;2.55269
851;2.55266
852;2.55334
853;2.55278
854;2.5528
855;2.55308
856;2.55286
857;2.55308
858;2.55369
859;2.55196
860;2.5526
861;2.55523
862;2.55678
863;2.55799
864;2.55802
865;2.55846
866;2.558
867;2.55598
868;2.55528
869;2.55493
870;2.55665
871;2.55692
872;2.55652
873;2.55708
874;2.55699
875;2.55733
876;2.55727
877;2.55931
878;2.55987
879;2.55963
880;2.56026
881;2.55933
882;2.55903
883;2.55895
884;2.55888
885;2.55885
886;2.5588
887;2.55869
888;2.55893
889;2.55848
890;2.55947
891;2.55995
892;2.56005
893;2.56015
894;2.56081
895;2.56065
896;2.55935
897;2.55978
898;2.56106
899;2.5624
900;2.56346
901;2.56314
902;2.56273
903;2.56289
904;2.56277
905;2.5629
906;2.5639
907;2.56405
908;2.56326
909;2.5626
910;2.56383
911;2.56364
912;2.56337
913;2.56315
914;2.56276
915;2.56199
916;2.56229
917;2.56174
918;2.56159
919;2.56162
920;2.56137
921;2.56146
922;2.56112
923;2.56058
924;2.56045
925;2.56
926;2.56021
927;2.55734
928;2.55744
929;2.56054
930;2.56162
931;2.56235
932;2.5626
933;2.56219
934;2.56193
935;2.56172
936;2.5615
937;2.56118
938;2.56109
939;2.56078
940;2.56166
941;2.56209
942;2.56195
943;2.56186
944;2.56123
945;2.56085
946;2.56127
947;2.56116
948;2.56127
949;2.56075
950;2.56145
951;2.56106
952;2.56065
953;2.56074
954;2.56023
955;2.55998
956;2.56034
957;2.56013
958;2.55989
959;2.55968
960;2.56056
961;2.56002
962;2.5604
963;2.56052
964;2.55992
965;2.56008
966;2.56027
967;2.56025
968;2.56032
969;2.56024
970;2.56102
971;2.56124
972;2.56128
973;2.56103
974;2.56081
975;2.56046
976;2.56055
977;2.56044
978;2.56055
979;2.56054
980;2.56109
981;2.56089
982;2.56086
983;2.56098
984;2.56037
985;2.55982
986;2.5607
987;2.56146
988;2.56082
989;2.56079
990;2.56152
991;2.5615
992;2.56224
993;2.56162
994;2.56123
995;2.56122
996;2.56138
997;2.561
998;2.56144
999;2.56152
1000;2.56207
1001;2.56195
1002;2.56243
1003;2.56233
1004;2.5622
1005;2.56167
1006;2.56177
1007;2.5616
1008;2.56157
1009;2.56137
1010;2.56205
1011;2.56228
1012;2.56199
1013;2.56182
1014;2.56143
1015;2.56128
1016;2.56129
1017;2.56145
1018;2.56168
1019;2.56144
1020;2.56247
1021;2.56325
1022;2.56218
1023;2.56218
1024;2.56209
1025;2.56197
1026;2.56243
1027;2.56218
1028;2.56226
1029;2.56216
1030;2.56325
1031;2.56341
1032;2.56345
1033;2.56297
1034;2.56279
1035;2.56236
1036;2.56329
1037;2.56274
1038;2.56298
1039;2.56337
1040;2.56476
1041;2.56402
1042;2.56393
1043;2.56361
1044;2.56332
1045;2.56317
1046;2.5639
1047;2.5637
1048;2.56384
1049;2.56342
1050;2.56472
1051;2.56435
1052;2.56429
1053;2.56447
1054;2.56406
1055;2.5638
1056;2.56369
1057;2.56343
1058;2.56353
1059;2.5634
1060;2.56424
1061;2.56479
1062;2.56432
1063;2.56432
1064;2.5645
1065;2.56334
1066;2.56335
1067;2.56364
1068;2.56365
1069;2.56345
1070;2.56396
1071;2.56294
1072;2.56311
1073;2.55874
1074;2.56297
1075;2.563
1076;2.56407
1077;2.56479
1078;2.56423
1079;2.56235
1080;2.56323
1081;2.55907
1082;2.5625
1083;2.56364
1084;2.56342
1085;2.56283
1086;2.56363
1087;2.56323
1088;2.56357
1089;2.56348
1090;2.56356
1091;2.56416
1092;2.56419
1093;2.56417
1094;2.56323
1095;2.5632
1096;2.56341
1097;2.56319
1098;2.56273
1099;2.56246
1100;2.56307
1101;2.56313
1102;2.56303
1103;2.56234
1104;2.56197
1105;2.56214
1106;2.56324
1107;2.56363
1108;2.56317
1109;2.56234
1110;2.56238
1111;2.56192
1112;2.5628
1113;2.5631
1114;2.56206
1115;2.56186
1116;2.56196
1117;2.56209
1118;2.56216
1119;2.56228
1120;2.56336
1121;2.56348
1122;2.56587
1123;2.56402
1124;2.56306
1125;2.56253
1126;2.56247
1127;2.56241
1128;2.56216
1129;2.56229
1130;2.5626
1131;2.56336
1132;2.56393
1133;2.56365
1134;2.56316
1135;2.56278
1136;2.57198
1137;2.57203
1138;2.56541
1139;2.56314
1140;2.56379
1141;2.56507
1142;2.56528
1143;2.56579
1144;2.56515
1145;2.56439
1146;2.56423
1147;2.56425
1148;2.56492
1149;2.56398
1150;2.56456
1151;2.56542
1152;2.56709
1153;2.56838
1154;2.56815
1155;2.56426
1156;2.57187
1157;2.57283
1158;2.57462
1159;2.57452
1160;2.57519
1161;2.57504
1162;2.57461
1163;2.57165
1164;2.56132
1165;2.55987
1166;2.56077
1167;2.55981
1168;2.5694
1169;2.57091
1170;2.57379
1171;2.57356
1172;2.57402
1173;2.57377
1174;2.57359
1175;2.57289
1176;2.57274
1177;2.57243
1178;2.57231
1179;2.5719
1180;2.57188
1181;2.57069
1182;2.56595
1183;2.56772
1184;2.55813
1185;2.56034
1186;2.56523
1187;2.56095
1188;2.5616
1189;2.56214
1190;2.56347
1191;2.56259
1192;2.56263
1193;2.56545
1194;2.56111
1195;2.56881
1196;2.57
1197;2.57084
1198;2.57076
1199;2.57132
1200;2.56842
1201;2.57193
1202;2.5704
1203;2.5712
1204;2.57174
1205;2.57224
1206;2.57147
1207;2.57143
1208;2.57241
1209;2.57254
1210;2.57312
1211;2.57329
1212;2.57335
1213;2.57341
1214;2.5728
1215;2.57265
1216;2.57326
1217;2.57229
1218;2.5724
1219;2.57231
1220;2.57331
1221;2.57259
1222;2.57255
1223;2.57268
1224;2.57193
1225;2.57115
1226;2.57207
1227;2.5723
1228;2.57346
1229;2.57329
1230;2.5742
1231;2.57494
1232;2.57485
1233;2.57629
1234;2.57626
1235;2.57638
1236;2.57613
1237;2.57438
1238;2.56532
1239;2.56458
1240;2.56509
1241;2.5657
1242;2.56473
1243;2.57246
1244;2.57656
1245;2.57673
1246;2.57557
1247;2.57718
1248;2.57799
1249;2.57745
1250;2.57228
1251;2.56722
1252;2.56678
1253;2.56633
1254;2.56659
1255;2.56596
1256;2.56645
1257;2.56618
1258;2.56619
1259;2.56654
1260;2.56655
1261;2.56601
1262;2.56555
1263;2.56584
1264;2.56662
1265;2.57475
1266;2.57598
1267;2.56894
1268;2.56696
1269;2.57362
1270;2.57148
1271;2.57377
1272;2.57553
1273;2.57297
1274;2.57735
1275;2.57522
1276;2.57455
1277;2.57684
1278;2.58192
1279;2.58292
1280;2.58283
1281;2.57918
1282;2.57704
1283;2.58002
1284;2.58404
1285;2.58358
1286;2.58417
1287;2.58342
1288;2.58301
1289;2.58237
1290;2.58335
1291;2.58248
1292;2.58238
1293;2.58186
1294;2.5808
1295;2.58021
1296;2.58031
1297;2.5795
1298;2.57951
1299;2.57888
1300;2.57968
1301;2.57923
1302;2.57831
1303;2.57742
1304;2.57969
1305;2.57889
1306;2.57866
1307;2.58048
1308;2.57959
1309;2.57859
1310;2.57749
1311;2.57448
1312;2.5732
1313;2.57525
1314;2.57443
1315;2.57374
1316;2.5734
1317;2.57382
1318;2.57359
1319;2.57251
1320;2.57321
1321;2.57453
1322;2.57512
1323;2.57559
1324;2.57509
1325;2.57602
1326;2.57655
1327;2.57791
1328;2.57945
1329;2.58027
1330;2.58142
1331;2.58239
1332;2.58319
1333;2.58355
1334;2.58394
1335;2.58376
1336;2.58324
1337;2.58366
1338;2.5837
1339;2.58328
1340;2.5837
1341;2.584
1342;2.58482
1343;2.58564
1344;2.5862
1345;2.58715
1346;2.58883
1347;2.57427
1348;2.58551
1349;2.59021
1350;2.59169
1351;2.59333
1352;2.59476
1353;2.59592
1354;2.59514
1355;2.59511
1356;2.59542
1357;2.5951
1358;2.59523
1359;2.59553
1360;2.59646
1361;2.59672
1362;2.59677
1363;2.59624
1364;2.59639
1365;2.59637
1366;2.59558
1367;2.56436
1368;2.56235
1369;2.56161
1370;2.56141
1371;2.56106
1372;2.56043
1373;2.5614
1374;2.55979
1375;2.55956
1376;2.5579
1377;2.55482
1378;2.55531
1379;2.55569
1380;2.57407
1381;2.59016
1382;2.57995
1383;2.59156
1384;2.59204
1385;2.59213
1386;2.57462
1387;2.56413
1388;2.56528
1389;2.59169
1390;2.59384
1391;2.59456
1392;2.59497
1393;2.59566
1394;2.59557
1395;2.59496
1396;2.56185
1397;2.59429
1398;2.59615
1399;2.59536
1400;2.59646
1401;2.59675
1402;2.59664
1403;2.59682
1404;2.59672
1405;2.59643
1406;2.597
1407;2.59649
1408;2.59723
1409;2.59713
1410;2.59819
1411;2.59825
1412;2.59813
1413;2.59777
1414;2.59783
1415;2.59743
1416;2.5973
1417;2.59734
1418;2.59792
1419;2.59713
1420;2.59772
1421;2.55276
1422;2.52771
1423;2.52925
1424;2.53178
1425;2.52882
1426;2.57538
1427;2.54183
1428;2.54156
1429;2.53836
1430;2.54117
1431;2.5714
1432;2.56309
1433;2.55723
1434;2.58719
1435;2.5904
1436;2.59167
1437;2.59289
1438;2.59376
1439;2.59424
1440;2.59555
1441;2.59632
1442;2.59714
1443;2.59788
1444;2.598
1445;2.56772
1446;2.59749
1447;2.59807
1448;2.59905
1449;2.59801
1450;2.59964
1451;2.60021
1452;2.60099
1453;2.60129
1454;2.60092
1455;2.60049
1456;2.55804
1457;2.55595
1458;2.55644
1459;2.55541
1460;2.55524
1461;2.556
1462;2.55634
1463;2.55597
1464;2.55609
1465;2.55508
1466;2.55417
1467;2.59013
1468;2.59546
1469;2.59659
1470;2.59851
1471;2.59881
1472;2.5997
1473;2.60036
1474;2.60012
1475;2.60029
1476;2.60103
1477;2.60116
1478;2.60135
1479;2.60156
1480;2.60207
1481;2.60176
1482;2.60152
1483;2.60188
1484;2.60124
1485;2.60071
1486;2.60097
1487;2.60085
1488;2.60143
1489;2.60241
1490;2.60255
1491;2.6026
1492;2.60269
1493;2.60262
1494;2.60168
1495;2.60044
1496;2.58859
1497;2.59886
1498;2.59826
1499;2.59809
1500;2.59832
1501;2.59811
1502;2.59721
1503;2.59751
1504;2.59669
1505;2.59641
1506;2.59658
1507;2.59713
1508;2.5972
1509;2.59672
1510;2.59646
1511;2.59585
1512;2.5943
1513;2.56516
1514;2.57223
1515;2.59058
1516;2.59058
1517;2.54021
1518;2.54564
1519;2.58742
1520;2.5888
1521;2.58914
1522;2.58939
1523;2.59012
1524;2.5905
1525;2.59094
1526;2.59204
1527;2.59319
1528;2.59463
1529;2.59467
1530;2.59603
1531;2.59644
1532;2.59694
1533;2.5966
1534;2.59593
1535;2.59513
1536;2.59469
1537;2.59496
1538;2.59522
1539;2.59604
1540;2.5975
1541;2.59846
1542;2.59984
1543;2.60076
1544;2.60166
1545;2.60135
1546;2.60172
1547;2.60177
1548;2.60235
1549;2.60304
1550;2.60354
1551;2.60438
1552;2.60421
1553;2.60433
1554;2.60406
1555;2.60397
1556;2.60386
1557;2.60369
1558;2.60357
1559;2.60334
1560;2.6044
1561;2.60387
1562;2.60375
1563;2.604
1564;2.60355
1565;2.60356
1566;2.60373
1567;2.60306
1568;2.60313
1569;2.60223
1570;2.55221
1571;2.60095
1572;2.60179
1573;2.6016
1574;2.60095
1575;2.6009
1576;2.60059
1577;2.60072
1578;2.60083
1579;2.60085
1580;2.60187
1581;2.60226
1582;2.54452
1583;2.54695
1584;2.60009
1585;2.60049
1586;2.60207
1587;2.60198
1588;2.60274
1589;2.60349
1590;2.60371
1591;2.60376
1592;2.60391
1593;2.60417
1594;2.60366
1595;2.60423
1596;2.60454
1597;2.6047
1598;2.60547
1599;2.6054
1600;2.60636
1601;2.60603
1602;2.60685
1603;2.60652
1604;2.60498
1605;2.60428
1606;2.60433
1607;2.60361
1608;2.60355
1609;2.60306
1610;2.60384
1611;2.60368
1612;2.60392
1613;2.60349
1614;2.60251
1615;2.60269
1616;2.60323
1617;2.60272
1618;2.60377
1619;2.60275
1620;2.60345
1621;2.60318
1622;2.60301
1623;2.6037
1624;2.60283
1625;2.60276
1626;2.60335
1627;2.60292
1628;2.60342
1629;2.60314
1630;2.60412
1631;2.60381
1632;2.60331
1633;2.60333
1634;2.60258
1635;2.60251
1636;2.60256
1637;2.60235
1638;2.60258
1639;2.60272
1640;2.60371
1641;2.60392
1642;2.60419
1643;2.6043
1644;2.60404
1645;2.6035
1646;2.6036
1647;2.60369
1648;2.6038
1649;2.60376
1650;2.60438
1651;2.60442
1652;2.60427
1653;2.60431
1654;2.60374
1655;2.60331
1656;2.60373
1657;2.60303
1658;2.60323
1659;2.60229
1660;2.60289
1661;2.6029
1662;2.60245
1663;2.60236
1664;2.60173
1665;2.60105
1666;2.60128
1667;2.60096
1668;2.60111
1669;2.6011
1670;2.60163
1671;2.60126
1672;2.6015
1673;2.60116
1674;2.60097
1675;2.6015
1676;2.6019
1677;2.6016
1678;2.60246
1679;2.60283
1680;2.60389
1681;2.60427
1682;2.60481
1683;2.60505
1684;2.60452
1685;2.60444
1686;2.60472
1687;2.60436
1688;2.60463
1689;2.60446
1690;2.60518
1691;2.60432
1692;2.60458
1693;2.60482
1694;2.6042
1695;2.60374
1696;2.60357
1697;2.60305
1698;2.60319
1699;2.60263
1700;2.60331
1701;2.60312
1702;2.60329
1703;2.60369
1704;2.60319
1705;2.60309
1706;2.60368
1707;2.60315
1708;2.60362
1709;2.60324
1710;2.60403
1711;2.60392
1712;2.60383
1713;2.60396
1714;2.60349
1715;2.60288
1716;2.60282
1717;2.60263
1718;2.60336
1719;2.60351
1720;2.60404
1721;2.60326
1722;2.60273
1723;2.60153
1724;2.60171
1725;2.60152
1726;2.60181
1727;2.60165
1728;2.6019
1729;2.60174
1730;2.6025
1731;2.60272
1732;2.60249
1733;2.60226
1734;2.60176
1735;2.60149
1736;2.60211
1737;2.60219
1738;2.60224
1739;2.60198
1740;2.60314
1741;2.60293
1742;2.6034
1743;2.60355
1744;2.6034
1745;2.60353
1746;2.60384
1747;2.60405
1748;2.60447
1749;2.60431
1750;2.60536
1751;2.60526
1752;2.60471
1753;2.60497
1754;2.60448
1755;2.60423
1756;2.60428
1757;2.60428
1758;2.60414
1759;2.60398
1760;2.60421
1761;2.6038
1762;2.60332
1763;2.60299
1764;2.6024
1765;2.60188
1766;2.60231
1767;2.60216
1768;2.60197
1769;2.60138
1770;2.60174
1771;2.60141
1772;2.60058
1773;2.60069
1774;2.59947
1775;2.59838
1776;2.59867
1777;2.59803
1778;2.59832
1779;2.59797
1780;2.59818
1781;2.59823
1782;2.59786
1783;2.5969
1784;2.596
1785;2.59676
1786;2.59665
1787;2.59734
1788;2.59759
1789;2.59747
1790;2.59794
1791;2.59752
1792;2.59717
1793;2.59616
1794;2.59507
1795;2.59413
1796;2.59415
1797;2.5938
1798;2.59389
1799;2.59401
1800;2.59393
1801;2.59373
1802;2.5934
1803;2.59324
1804;2.59319
1805;2.59345
1806;2.59369
1807;2.59393
1808;2.59376
1809;2.59389
1810;2.59504
1811;2.5954
1812;2.59544
1813;2.59543
1814;2.59459
1815;2.59373
1816;2.59311
1817;2.59275
1818;2.5922
1819;2.5908
1820;2.5899
1821;2.58806
1822;2.58566
1823;2.58432
1824;2.58308
1825;2.5821
1826;2.58174
1827;2.58218
1828;2.58349
1829;2.58441
1830;2.58642
1831;2.58759
1832;2.58877
1833;2.58915
1834;2.58905
1835;2.58827
1836;2.58787
1837;2.58631
1838;2.58478
1839;2.58291
1840;2.58159
1841;2.57944
1842;2.57777
1843;2.57645
1844;2.57408
1845;2.57372
1846;2.57436
1847;2.57427
1848;2.57554
1849;2.57615
1850;2.57941
1851;2.58176
1852;2.5041
1853;2.50379
1854;2.512
1855;2.51314
1856;2.51456
1857;2.51338
1858;2.51156
1859;2.55603
1860;2.56962
1861;2.58141
1862;2.57068
1863;2.54373
1864;2.54267
1865;2.5393
1866;2.51979
1867;2.58253
1868;2.56113
1869;2.58346
1870;2.58544
1871;2.58601
1872;2.58595
1873;2.58629
1874;2.58558
1875;2.57796
1876;2.5854
1877;2.57129
1878;2.56884
1879;2.54388
1880;2.54321
1881;2.55239
1882;2.54219
1883;2.52474
1884;2.55643
1885;2.50776
1886;2.51165
1887;2.51256
1888;2.51186
1889;2.51435
1890;2.54878
1891;2.54556
1892;2.54451
1893;2.55873
1894;2.57331
1895;2.574
1896;2.57449
1897;2.57251
1898;2.57017
1899;2.56789
1900;2.55848
1901;2.56544
1902;2.55627
1903;2.5592
1904;2.48322
1905;2.48494
1906;2.50832
1907;2.51453
1908;2.51561
1909;2.51463
1910;2.51496
1911;2.51477
1912;2.51507
1913;2.51237
1914;2.5114
1915;2.51123
1916;2.49191
1917;2.49232
1918;2.49423
1919;2.49448
1920;2.4911
1921;2.4976
1922;2.55575
1923;2.55492
1924;2.55272
1925;2.54818
1926;2.54833
1927;2.53469
1928;2.51939
1929;2.52145
1930;2.5138
1931;2.53376
1932;2.53984
1933;2.54394
1934;2.54619
1935;2.54753
1936;2.54824
1937;2.5491
1938;2.55063
1939;2.55245
1940;2.55517
1941;2.55628
1942;2.55754
1943;2.55509
1944;2.5574
1945;2.55711
1946;2.55665
1947;2.55691
1948;2.55657
1949;2.5548
1950;2.55386
1951;2.55278
1952;2.55182
1953;2.55097
1954;2.55021
1955;2.55027
1956;2.55123
1957;2.5534
1958;2.55364
1959;2.55538
1960;2.55509
1961;2.55504
1962;2.55482
1963;2.5552
1964;2.55604
1965;2.55782
1966;2.55972
1967;2.56197
1968;2.56305
1969;2.56345
1970;2.56438
1971;2.56339
1972;2.56207
1973;2.56017
1974;2.55893
1975;2.55584
1976;2.55575
1977;2.554
1978;2.55124
1979;2.55031
1980;2.54939
1981;2.549
1982;2.54743
1983;2.54535
1984;2.54431
1985;2.53683
1986;2.54034
1987;2.54256
1988;2.54326
1989;2.54317
1990;2.5446
1991;2.54602
1992;2.54715
1993;2.54684
1994;2.54558
1995;2.54623
1996;2.5003
1997;2.52583
1998;2.43403
1999;2.39324
2000;2.47587
2001;2.40697
2002;2.41922
2003;2.42411
2004;2.50782
2005;2.52126
2006;2.52512
2007;2.52044
2008;2.51854
2009;2.51556
2010;2.51694
2011;2.5015
2012;2.46825
2013;2.52182
2014;2.52199
2015;2.45956
2016;2.47416
2017;2.4606
2018;2.46878
2019;2.46732
2020;2.51534
2021;2.51753
2022;2.52559
2023;2.52907
2024;2.53052
2025;2.53311
2026;2.53375
2027;2.53473
2028;2.53631
2029;2.53832
2030;2.53644
2031;2.54606
2032;2.54736
2033;2.54677
2034;2.54717
2035;2.54668
2036;2.54704
2037;2.54496
2038;2.54794
2039;2.54676
2040;2.54531
2041;2.54488
2042;2.54405
2043;2.54209
2044;2.45541
2045;2.453
2046;2.54148
2047;2.54751
2048;2.55081
2049;2.55293
2050;2.55502
2051;2.55563
2052;2.55707
2053;2.55758
2054;2.557
2055;2.55641
2056;2.55691
2057;2.55595
2058;2.55459
2059;2.55367
2060;2.55305
2061;2.55152
2062;2.55114
2063;2.55059
2064;2.55082
2065;2.55061
2066;2.55012
2067;2.5507
2068;2.55303
2069;2.55338
2070;2.55605
2071;2.55728
2072;2.55828
2073;2.55846
2074;2.55722
2075;2.55621
2076;2.55557
2077;2.5535
2078;2.55227
2079;2.55079
2080;2.54893
2081;2.54591
2082;2.52705
2083;2.48171
2084;2.48242
2085;2.4841
2086;2.48048
2087;2.47901
2088;2.4787
2089;2.47413
2090;2.48476
2091;2.52008
2092;2.43353
2093;2.44069
2094;2.44578
2095;2.4437
2096;2.44122
2097;2.44793
2098;2.44644
2099;2.44462
2100;2.44932
2101;2.4539
2102;2.45443
2103;2.44575
2104;2.51305
2105;2.47383
2106;2.46306
2107;2.51702
2108;2.51994
2109;2.52119
2110;2.52255
2111;2.52123
2112;2.52263
2113;2.52174
2114;2.52055
2115;2.51901
2116;2.51864
2117;2.51957
2118;2.52464
2119;2.52608
2120;2.52479
2121;2.52759
2122;2.52869
2123;2.52959
2124;2.52817
2125;2.52459
2126;2.52451
2127;2.52604
2128;2.52722
2129;2.52597
2130;2.52558
2131;2.52638
2132;2.52782
2133;2.52805
2134;2.52594
2135;2.52453
2136;2.49606
2137;2.52013
2138;2.52266
2139;2.51703
2140;2.51893
2141;2.52627
2142;2.52785
2143;2.52921
2144;2.52919
2145;2.52949
2146;2.52969
2147;2.52893
2148;2.52901
2149;2.52861
2150;2.52905
2151;2.52862
2152;2.52884
2153;2.52902
2154;2.52898
2155;2.52942
2156;2.53174
2157;2.53237
2158;2.53362
2159;2.53399
2160;2.53516
2161;2.53532
2162;2.53506
2163;2.5354
2164;2.53498
2165;2.53472
2166;2.53485
2167;2.53434
2168;2.53426
2169;2.535
2170;2.53502
2171;2.53499
2172;2.53577
2173;2.5357
2174;2.53523
2175;2.53317
2176;2.53036
2177;2.5265
2178;2.46524
2179;2.51033
2180;2.53211
2181;2.53393
2182;2.5342
2183;2.53422
2184;2.53363
2185;2.53349
2186;2.53419
2187;2.53384
2188;2.53449
2189;2.53456
2190;2.53589
2191;2.53596
2192;2.53585
2193;2.53589
2194;2.53629
2195;2.5372
2196;2.53659
2197;2.53574
2198;2.5083
2199;2.45539
2200;2.5057
2201;2.52761
2202;2.53474
2203;2.53622
2204;2.53622
2205;2.53584
2206;2.53677
2207;2.5366
2208;2.53784
2209;2.53831
2210;2.54016
2211;2.54189
2212;2.54393
2213;2.5463
2214;2.54702
2215;2.54822
2216;2.54914
2217;2.54967
2218;2.55015
2219;2.54989
2220;2.55067
2221;2.55085
2222;2.5511
2223;2.55122
2224;2.55072
2225;2.55066
2226;2.55114
2227;2.55148
2228;2.55162
2229;2.5527
2230;2.55251
2231;2.55285
2232;2.55307
2233;2.55295
2234;2.55252
2235;2.55161
2236;2.55168
2237;2.55116
2238;2.55133
2239;2.55122
2240;2.55196
2241;2.55242
2242;2.55234
2243;2.55273
2244;2.55282
2245;2.5531
2246;2.55421
2247;2.55349
2248;2.55393
2249;2.55364
2250;2.55468
2251;2.55502
2252;2.55497
2253;2.5553
2254;2.55549
2255;2.55561
2256;2.55623
2257;2.55696
2258;2.55787
2259;2.55776
2260;2.55871
2261;2.55948
2262;2.5603
2263;2.56167
2264;2.562
2265;2.56225
2266;2.56273
2267;2.56308
2268;2.5645
2269;2.56537
2270;2.56796
2271;2.56991
2272;2.57233
2273;2.57437
2274;2.5758
2275;2.57733
2276;2.57912
2277;2.5799
2278;2.58133
2279;2.5817
2280;2.58303
2281;2.58331
2282;2.58343
2283;2.58387
2284;2.58449
2285;2.58553
2286;2.58572
2287;2.58603
2288;2.58737
2289;2.58728
2290;2.58844
2291;2.58862
2292;2.58962
2293;2.58961
2294;2.58859
2295;2.58722
2296;2.58585
2297;2.58333
2298;2.58213
2299;2.58169
2300;2.58054
2301;2.57924
2302;2.57845
2303;2.57751
2304;2.57615
2305;2.57458
2306;2.5736
2307;2.57261
2308;2.57211
2309;2.57122
2310;2.57106
2311;2.57017
2312;2.56928
2313;2.56832
2314;2.56661
2315;2.5656
2316;2.56468
2317;2.56412
2318;2.56317
2319;2.56274
2320;2.56297
2321;2.56341
2322;2.56307
2323;2.56315
2324;2.56287
2325;2.56297
2326;2.56321
2327;2.56317
2328;2.56352
2329;2.56332
2330;2.5638
2331;2.56357
2332;2.56365
2333;2.56386
2334;2.56331
2335;2.56305
2336;2.5631
2337;2.56258
2338;2.56269
2339;2.56212
2340;2.56264
2341;2.56263
2342;2.5628
2343;2.56247
2344;2.56207
2345;2.56265
2346;2.56332
2347;2.56378
2348;2.56452
2349;2.56596
2350;2.56663
2351;2.56722
2352;2.56832
2353;2.56912
2354;2.56935
2355;2.56971
2356;2.57059
2357;2.57091
2358;2.57156
2359;2.57232
2360;2.57376
2361;2.57362
2362;2.57432
2363;2.57451
2364;2.57466
2365;2.57469
2366;2.57596
2367;2.57667
2368;2.57807
2369;2.57862
2370;2.58043
2371;2.58092
2372;2.58137
2373;2.58137
2374;2.58059
2375;2.5801
2376;2.57963
2377;2.57867
2378;2.57836
2379;2.57759
2380;2.57719
2381;2.57635
2382;2.57598
2383;2.57539
2384;2.57462
2385;2.57373
2386;2.5737
2387;2.57312
2388;2.57346
2389;2.57398
2390;2.5743
2391;2.57422
2392;2.57404
2393;2.57414
2394;2.57314
2395;2.57217
2396;2.57113
2397;2.57023
2398;2.56969
2399;2.5691
2400;2.56911
2401;2.56827
2402;2.56827
2403;2.56823
2404;2.56808
2405;2.56738
2406;2.56742
2407;2.56623
2408;2.56551
2409;2.5643
2410;2.56403
2411;2.56367
2412;2.5632
2413;2.563
2414;2.56227
2415;2.56152
2416;2.56121
2417;2.56042
2418;2.56089
2419;2.5603
2420;2.56098
2421;2.5611
2422;2.56123
2423;2.56141
2424;2.5611
2425;2.56127
2426;2.56159
2427;2.5616
2428;2.56189
2429;2.56229
2430;2.56215
2431;2.56121
2432;2.56137
2433;2.56138
2434;2.5612
2435;2.56149
2436;2.5612
2437;2.56198
2438;2.56268
2439;2.56329
2440;2.56415
2441;2.56427
2442;2.56505
2443;2.56586
2444;2.56586
2445;2.56593
2446;2.56694
2447;2.56708
2448;2.5677
2449;2.56731
2450;2.568
2451;2.56814
2452;2.56818
2453;2.56901
2454;2.56893
2455;2.56906
2456;2.57001
2457;2.57018
2458;2.57111
2459;2.57125
2460;2.57251
2461;2.57346
2462;2.57374
2463;2.57445
2464;2.57391
2465;2.57421
2466;2.57297
2467;2.57154
2468;2.57058
2469;2.56883
2470;2.56836
2471;2.56725
2472;2.56684
2473;2.56608
2474;2.56484
2475;2.56365
2476;2.56355
2477;2.56277
2478;2.56252
2479;2.56184
2480;2.56268
2481;2.56183
2482;2.56123
2483;2.56144
2484;2.56026
2485;2.55984
2486;2.55949
2487;2.55921
2488;2.55986
2489;2.55981
2490;2.56059
2491;2.56164
2492;2.56224
2493;2.56228
2494;2.56196
2495;2.56241
2496;2.56184
2497;2.56107
2498;2.5615
2499;2.56083
2500;2.56141
2501;2.56085
2502;2.56044
2503;2.56025
2504;2.55963
2505;2.55912
2506;2.55896
2507;2.55914
2508;2.55948
2509;2.55915
2510;2.56039
2511;2.5607
2512;2.56174
2513;2.56205
2514;2.56163
2515;2.56153
2516;2.56143
2517;2.56139
2518;2.56162
2519;2.56153
2520;2.56215
2521;2.56231
2522;2.5625
2523;2.5627
2524;2.56247
2525;2.56246
2526;2.56308
2527;2.56311
2528;2.56365
2529;2.56349
2530;2.56345
2531;2.56324
2532;2.56357
2533;2.5642
2534;2.56495
2535;2.56557
2536;2.56736
2537;2.56812
2538;2.56971
2539;2.57028
2540;2.57146
2541;2.57158
2542;2.5721
2543;2.57203
2544;2.57211
2545;2.5718
2546;2.57212
2547;2.57188
2548;2.57245
2549;2.57253
2550;2.57369
2551;2.57385
2552;2.57362
2553;2.57391
2554;2.57364
2555;2.57316
2556;2.57268
2557;2.57176
2558;2.57043
2559;2.56956
2560;2.56951
2561;2.56884
2562;2.56851
2563;2.56825
2564;2.56804
2565;2.56751
2566;2.56819
2567;2.56837
2568;2.56886
2569;2.56937
2570;2.57089
2571;2.57126
2572;2.57168
2573;2.5721
2574;2.57204
2575;2.57125
2576;2.57146
2577;2.57105
2578;2.57084
2579;2.57164
2580;2.57333
2581;2.57527
2582;2.57692
2583;2.57854
2584;2.57963
2585;2.58077
2586;2.58204
2587;2.58213
2588;2.5821
2589;2.58153
2590;2.58121
2591;2.57998
2592;2.57942
2593;2.57879
2594;2.57783
2595;2.57712
2596;2.57742
2597;2.57723
2598;2.57789
2599;2.5782
2600;2.57984
2601;2.58018
2602;2.58098
2603;2.5816
2604;2.58198
2605;2.58167
2606;2.58211
2607;2.58231
2608;2.58221
2609;2.58175
2610;2.58242
2611;2.58171
2612;2.58163
2613;2.58115
2614;2.57973
2615;2.57784
2616;2.57644
2617;2.57432
2618;2.5732
2619;2.57222
2620;2.57328
2621;2.57311
2622;2.57323
2623;2.57385
2624;2.57359
2625;2.57341
2626;2.57308
2627;2.57231
2628;2.57178
2629;2.57043
2630;2.57002
2631;2.56832
2632;2.56695
2633;2.56548
2634;2.56481
2635;2.56369
2636;2.56364
2637;2.56328
2638;2.56371
2639;2.56432
2640;2.56633
2641;2.56818
2642;2.57097
2643;2.57393
2644;2.57626
2645;2.57894
2646;2.58154
2647;2.58294
2648;2.58366
2649;2.58389
2650;2.58462
2651;2.58427
2652;2.58318
2653;2.58253
2654;2.58128
2655;2.57976
2656;2.57998
2657;2.58011
2658;2.58028
2659;2.5804
2660;2.58159
2661;2.58167
2662;2.58106
2663;2.57936
2664;2.57686
2665;2.57467
2666;2.57263
2667;2.57043
2668;2.56894
2669;2.56763
2670;2.56755
2671;2.56729
2672;2.56765
2673;2.56786
2674;2.56888
2675;2.57064
2676;2.57385
2677;2.57692
2678;2.58124
2679;2.58515
2680;2.5889
2681;2.59202
2682;2.5945
2683;2.59592
2684;2.5969
2685;2.59732
2686;2.59817
2687;2.59863
2688;2.59869
2689;2.59823
2690;2.59866
2691;2.59835
2692;2.59727
2693;2.59614
2694;2.59484
2695;2.59367
2696;2.59336
2697;2.59295
2698;2.59242
2699;2.59106
2700;2.59053
2701;2.59006
2702;2.5896
2703;2.58958
2704;2.58977
2705;2.59007
2706;2.59131
2707;2.59168
2708;2.59211
2709;2.59154
2710;2.59212
2711;2.59221
2712;2.59227
2713;2.59143
2714;2.59091
2715;2.59061
2716;2.59063
2717;2.58909
2718;2.58706
2719;2.58332
2720;2.57874
2721;2.57273
2722;2.56726
2723;2.56129
2724;2.55583
2725;2.55106
2726;2.54899
2727;2.54638
2728;2.54559
2729;2.54447
2730;2.5441
2731;2.54303
2732;2.54041
2733;2.5391
2734;2.53862
2735;2.53746
2736;2.53691
2737;2.53563
2738;2.53504
2739;2.53411
2740;2.53429
2741;2.53329
2742;2.53268
2743;2.53195
2744;2.53092
2745;2.53044
2746;2.53004
2747;2.52955
2748;2.52962
2749;2.52941
2750;2.53026
2751;2.53089
2752;2.53098
2753;2.53192
2754;2.53182
2755;2.53226
2756;2.53421
2757;2.53547
2758;2.53797
2759;2.53935
2760;2.54175
2761;2.54378
2762;2.54513
2763;2.54618
2764;2.54786
2765;2.55059
2766;2.55528
2767;2.55964
2768;2.56319
2769;2.56603
2770;2.57014
2771;2.57282
2772;2.57574
2773;2.57845
2774;2.57973
2775;2.58087
2776;2.58236
2777;2.58234
2778;2.58395
2779;2.58435
2780;2.58643
2781;2.58773
2782;2.58828
2783;2.58835
2784;2.58795
2785;2.58761
2786;2.58666
2787;2.58462
2788;2.58397
2789;2.58257
2790;2.58096
2791;2.57923
2792;2.57797
2793;2.57618
2794;2.57327
2795;2.57049
2796;2.56833
2797;2.56464
2798;2.56026
2799;2.55313
2800;2.54597
2801;2.53839
2802;2.53183
2803;2.52669
2804;2.52258
2805;2.51903
2806;2.51681
2807;2.5144
2808;2.5124
2809;2.50963
2810;2.50777
2811;2.50466
2812;2.50156
2813;2.49877
2814;2.49527
2815;2.49239
2816;2.4896
2817;2.48667
2818;2.48387
2819;2.48148
2820;2.48037
2821;2.47792
2822;2.47646
2823;2.47547
2824;2.4744
2825;2.47372
2826;2.47391
2827;2.47335
2828;2.47375
2829;2.47431
2830;2.47423
2831;2.4743
2832;2.47413
2833;2.47384
2834;2.47293
2835;2.47224
2836;2.47255
2837;2.472
2838;2.47296
2839;2.47259
2840;2.47359
2841;2.47446
2842;2.47507
2843;2.47602
2844;2.47657
2845;2.4775
2846;2.4785
2847;2.47974
2848;2.48166
2849;2.48305
2850;2.48486
2851;2.48623
2852;2.48855
2853;2.4924
2854;2.49511
2855;2.49654
2856;2.49909
2857;2.49986
2858;2.50008
2859;2.49744
2860;2.49419
2861;2.49004
2862;2.4872
2863;2.48539
2864;2.48407
2865;2.48347
2866;2.4832
2867;2.48256
2868;2.4824
2869;2.48182
2870;2.48247
2871;2.48279
2872;2.48397
2873;2.48446
2874;2.48445
2875;2.48504
2876;2.48613
2877;2.48776
2878;2.49155
2879;2.49505
2880;2.49852
2881;2.50066
2882;2.50136
2883;2.50111
2884;2.49939
2885;2.49861
2886;2.49986
2887;2.50142
2888;2.50545
2889;2.50943
2890;2.51357
2891;2.51609
2892;2.51763
2893;2.5174
2894;2.51484
2895;2.51007
2896;2.50374
2897;2.49567
2898;2.4891
2899;2.485
2900;2.48399
2901;2.48215
2902;2.48121
2903;2.4796
2904;2.47684
2905;2.47453
2906;2.47307
2907;2.47174
2908;2.47166
2909;2.46962
2910;2.46949
2911;2.46799
2912;2.46653
2913;2.4655
2914;2.4642
2915;2.46332
2916;2.46249
2917;2.46141
2918;2.4617
2919;2.4613
2920;2.46139
2921;2.46079
2922;2.4597
2923;2.45987
2924;2.45983
2925;2.4588
2926;2.45838
2927;2.45803
2928;2.45775
2929;2.45717
2930;2.45753
2931;2.45739
2932;2.45744
2933;2.45744
2934;2.45668
2935;2.45601
2936;2.45424
2937;2.45286
2938;2.45415
2939;2.4543
2940;2.45581
2941;2.45582
2942;2.45679
2943;2.45772
2944;2.45749
2945;2.45723
2946;2.45773
2947;2.45729
2948;2.45842
2949;2.45813
2950;2.45931
2951;2.45992
2952;2.46007
2953;2.46059
2954;2.46048
2955;2.4604
2956;2.4615
2957;2.46171
2958;2.46217
2959;2.46269
2960;2.46389
2961;2.4638
2962;2.4639
2963;2.46427
2964;2.46416
2965;2.46388
2966;2.46463
2967;2.46428
2968;2.4636
2969;2.46297
2970;2.46473
2971;2.46559
2972;2.46624
2973;2.4665
2974;2.4665
2975;2.46614
2976;2.46682
2977;2.46657
2978;2.46745
2979;2.46871
2980;2.46918
2981;2.46926
2982;2.4701
2983;2.47046
2984;2.47111
2985;2.47082
2986;2.47119
2987;2.47176
2988;2.47338
2989;2.47343
2990;2.47523
2991;2.47592
2992;2.47684
2993;2.47756
2994;2.47761
2995;2.47829
2996;2.47918
2997;2.47984
2998;2.48151
2999;2.48201
3000;2.48412
3001;2.48474
3002;2.4857
3003;2.48677
3004;2.48671
3005;2.48701
3006;2.48811
3007;2.48844
3008;2.48919
3009;2.48914
3010;2.48975
3011;2.48987
3012;2.48946
3013;2.48934
3014;2.4879
3015;2.48738
3016;2.48727
3017;2.48674
3018;2.48702
3019;2.48637
3020;2.48645
3021;2.48646
3022;2.48664
3023;2.48627
3024;2.48607
3025;2.48572
3026;2.48608
3027;2.48598
3028;2.48649
3029;2.48573
3030;2.48699
3031;2.48713
3032;2.48726
3033;2.48712
3034;2.48704
3035;2.48669
3036;2.48722
3037;2.48721
3038;2.48762
3039;2.48763
3040;2.4886
3041;2.48848
3042;2.48881
3043;2.48985
3044;2.48903
3045;2.48937
3046;2.48992
3047;2.49065
3048;2.49042
3049;2.4906
3050;2.492
3051;2.49218
3052;2.49239
3053;2.49271
3054;2.49257
3055;2.49284
3056;2.49354
3057;2.49383
3058;2.49423
3059;2.4944
3060;2.49565
3061;2.49587
3062;2.49636
3063;2.49681
3064;2.49666
3065;2.49667
3066;2.49732
3067;2.49756
3068;2.4982
3069;2.49837
3070;2.49953
3071;2.49942
3072;2.49988
3073;2.49932
3074;2.4969
3075;2.49694
3076;2.49594
3077;2.4937
3078;2.49486
3079;2.49758
3080;2.49822
3081;2.49753
3082;2.4906
3083;2.47265
3084;2.4941
3085;2.49241
3086;2.48854
3087;2.47302
3088;2.40719
3089;2.42192
3090;2.43081
3091;2.45126
3092;2.47501
3093;2.47766
3094;2.4678
3095;2.47057
3096;2.47295
3097;2.47925
3098;2.47107
3099;2.4696
3100;2.47712
3101;2.48089
3102;2.48246
3103;2.46203
3104;2.4675
3105;2.47345
3106;2.43273
3107;2.42748
3108;2.43169
3109;2.43305
3110;2.45902
3111;2.47486
3112;2.47907
3113;2.47652
3114;2.47548
3115;2.4787
3116;2.47311
3117;2.47693
3118;2.47229
3119;2.46671
3120;2.48399
3121;2.47789
3122;2.49219
3123;2.49498
3124;2.49548
3125;2.49766
3126;2.48932
3127;2.45827
3128;2.4689
3129;2.47099
3130;2.47183
3131;2.47419
3132;2.45003
3133;2.46405
3134;2.46289
3135;2.466
3136;2.47746
3137;2.47999
3138;2.4833
3139;2.49444
3140;2.51823
3141;2.52028
3142;2.52072
3143;2.50625
3144;2.5038
3145;2.50677
3146;2.51447
3147;2.52176
3148;2.51819
3149;2.51975
3150;2.5215
3151;2.52015
3152;2.52174
3153;2.51643
3154;2.50562
3155;2.51131
3156;2.50392
3157;2.50431
3158;2.50406
3159;2.51262
3160;2.51547
3161;2.51783
3162;2.52638
3163;2.52927
3164;2.52308
3165;2.53137
3166;2.53226
3167;2.53272
3168;2.53186
3169;2.53188
3170;2.533
3171;2.53301
3172;2.53356
3173;2.53412
3174;2.53373
3175;2.5344
3176;2.53489
3177;2.53444
3178;2.53508
3179;2.53541
3180;2.53592
3181;2.53539
3182;2.53657
3183;2.53705
3184;2.5364
3185;2.5366
3186;2.53705
3187;2.53725
3188;2.5382
3189;2.53781
3190;2.53855
3191;2.53801
3192;2.53771
3193;2.5385
3194;2.53866
3195;2.5384
3196;2.53825
3197;2.53847
3198;2.53771
3199;2.53748
3200;2.5389
3201;2.53986
3202;2.54001
3203;2.54017
3204;2.54067
3205;2.539
3206;2.5393
3207;2.53887
3208;2.53778
3209;2.53867
3210;2.54098
3211;2.54099
3212;2.54139
3213;2.54165
3214;2.54109
3215;2.54126
3216;2.54221
3217;2.54285
3218;2.54316
3219;2.54403
3220;2.54453
3221;2.54436
3222;2.544
3223;2.54457
3224;2.54018
3225;2.52612
3226;2.49207
3227;2.53137
3228;2.50556
3229;2.48367
3230;2.48731
3231;2.47968
3232;2.46887
3233;2.44223
3234;2.35889
3235;2.48055
3236;2.51075
3237;2.5109
3238;2.51231
3239;2.50588
3240;2.50605
3241;2.52138
3242;2.52012
3243;2.52686
3244;2.53692
3245;2.53548
3246;2.53539
3247;2.5351
3248;2.53556
3249;2.53585
3250;2.53692
3251;2.53803
3252;2.53775
3253;2.53549
3254;2.53626
3255;2.53651
3256;2.53654
3257;2.53698
3258;2.53632
3259;2.53702
3260;2.53808
3261;2.5382
3262;2.53785
3263;2.53701
3264;2.53671
3265;2.53825
3266;2.53765
3267;2.53792
3268;2.53692
3269;2.53759
3270;2.53889
3271;2.53885
3272;2.53899
3273;2.53965
3274;2.52667
3275;2.53491
3276;2.53269
3277;2.53793
3278;2.53409
3279;2.53435
3280;2.53791
3281;2.53574
3282;2.53678
3283;2.53851
3284;2.53766
3285;2.53621
3286;2.537
3287;2.54265
3288;2.54484
3289;2.54536
3290;2.54563
3291;2.54299
3292;2.54179
3293;2.54309
3294;2.54579
3295;2.54575
3296;2.54713
3297;2.54144
3298;2.54523
3299;2.54199
3300;2.53701
3301;2.53769
3302;2.54124
3303;2.54365
3304;2.53984
3305;2.53836
3306;2.53795
3307;2.53728
3308;2.53772
3309;2.53936
3310;2.53943
3311;2.53862
3312;2.53832
3313;2.53673
3314;2.54339
3315;2.54472
3316;2.5433
3317;2.54384
3318;2.54389
3319;2.54437
3320;2.54522
3321;2.54207
3322;2.5384
3323;2.53794
3324;2.53833
3325;2.53819
3326;2.53876
3327;2.53875
3328;2.53931
3329;2.53758
3330;2.53739
3331;2.53813
3332;2.53879
3333;2.53897
3334;2.53939
3335;2.53866
3336;2.53928
3337;2.53872
3338;2.53913
3339;2.53959
3340;2.53991
3341;2.53956
3342;2.53942
3343;2.53907
3344;2.5385
3345;2.54005
3346;2.54053
3347;2.54005
3348;2.54044
3349;2.54004
3350;2.54085
3351;2.54081
3352;2.54092
3353;2.5404
3354;2.54189
3355;2.54156
3356;2.54027
3357;2.54066
3358;2.54132
3359;2.54055
3360;2.54107
3361;2.54154
3362;2.54154
3363;2.54341
3364;2.53651
3365;2.54321
3366;2.5464
3367;2.54499
3368;2.54511
3369;2.54505
3370;2.54539
3371;2.54507
3372;2.54334
3373;2.54521
3374;2.5426
3375;2.54686
3376;2.54721
3377;2.54536
3378;2.54459
3379;2.54472
3380;2.54588
3381;2.54616
3382;2.54545
3383;2.53245
3384;2.53213
3385;2.53167
3386;2.53384
3387;2.53211
3388;2.54023
3389;2.54468
3390;2.54572
3391;2.54632
3392;2.54617
3393;2.54633
3394;2.5467
3395;2.54618
3396;2.54638
3397;2.54624
3398;2.54654
3399;2.54565
3400;2.54492
3401;2.54775
3402;2.54825
3403;2.54885
3404;2.54884
3405;2.54812
3406;2.54828
3407;2.54721
3408;2.54624
3409;2.54424
3410;2.54472
3411;2.54522
3412;2.54759
3413;2.54766
3414;2.54703
3415;2.54652
3416;2.54679
3417;2.54656
3418;2.54714
3419;2.54657
3420;2.54751
3421;2.5485
3422;2.54833
3423;2.54839
3424;2.54776
3425;2.54751
3426;2.54757
3427;2.54772
3428;2.54774
3429;2.54777
3430;2.54879
3431;2.54905
3432;2.54791
3433;2.54872
3434;2.54979
3435;2.5498
3436;2.55118
3437;2.54992
3438;2.55008
3439;2.55001
3440;2.55043
3441;2.54348
3442;2.54143
3443;2.54321
3444;2.54487
3445;2.54031
3446;2.53875
3447;2.54274
3448;2.54305
3449;2.54152
3450;2.54345
3451;2.54411
3452;2.54393
3453;2.54904
3454;2.5554
3455;2.55255
3456;2.5543
3457;2.55189
3458;2.55278
3459;2.5528
3460;2.55116
3461;2.55366
3462;2.55488
3463;2.55826
3464;2.55749
3465;2.55675
3466;2.55896
3467;2.55884
3468;2.55853
3469;2.55663
3470;2.55838
3471;2.55158
3472;2.5534
3473;2.56151
3474;2.56039
3475;2.56001
3476;2.5632
3477;2.5609
3478;2.56165
3479;2.55981
3480;2.5615
3481;2.56318
3482;2.56032
3483;2.55917
3484;2.56409
3485;2.56487
3486;2.56489
3487;2.56352
3488;2.55705
3489;2.55866
3490;2.56348
3491;2.56061
3492;2.55489
3493;2.54719
3494;2.54476
3495;2.54534
3496;2.54318
3497;2.54817
3498;2.55079
3499;2.54963
3500;2.54947
3501;2.55077
3502;2.55238
3503;2.56124
3504;2.55378
3505;2.55471
3506;2.55296
3507;2.55177
3508;2.55201
3509;2.55185
3510;2.55331
3511;2.55264
3512;2.55366
3513;2.55333
3514;2.55307
3515;2.55302
3516;2.55319
3517;2.55325
3518;2.55363
3519;2.55349
3520;2.55949
3521;2.56625
3522;2.56655
3523;2.56738
3524;2.56764
3525;2.56521
3526;2.56253
3527;2.55725
3528;2.55676
3529;2.55725
3530;2.5582
3531;2.5568
3532;2.55668
3533;2.5559
3534;2.55556
3535;2.55516
3536;2.5542
3537;2.55375
3538;2.55336
3539;2.55325
3540;2.55503
3541;2.5553
3542;2.55628
3543;2.55637
3544;2.55112
3545;2.55335
3546;2.55346
3547;2.55228
3548;2.55163
3549;2.55342
3550;2.54692
3551;2.54732
3552;2.54155
3553;2.54334
3554;2.54655
3555;2.54569
3556;2.54107
3557;2.54816
3558;2.54476
3559;2.53467
3560;2.55124
3561;2.55978
3562;2.5473
3563;2.55298
3564;2.5469
3565;2.54825
3566;2.55384
3567;2.54624
3568;2.5451
3569;2.54506
3570;2.54973
3571;2.55115
3572;2.54982
3573;2.55111
3574;2.54959
3575;2.54884
3576;2.54936
3577;2.54803
3578;2.54815
3579;2.54836
3580;2.55015
3581;2.5496
3582;2.54793
3583;2.54662
3584;2.54546
3585;2.54624
3586;2.54798
3587;2.54693
3588;2.54584
3589;2.54643
3590;2.5469
3591;2.54864
3592;2.55029
3593;2.54587
3594;2.54583
3595;2.55094
3596;2.55565
3597;2.54691
3598;2.54056
3599;2.54008
3600;2.54828
3601;2.55574
3602;2.55085
3603;2.55241
3604;2.54806
3605;2.5426
3606;2.55498
3607;2.5476
3608;2.55035
3609;2.55434
3610;2.55002
3611;2.55121
3612;2.55362
3613;2.5563
3614;2.55962
3615;2.55888
3616;2.56012
3617;2.55847
3618;2.55368
3619;2.55602
3620;2.55364
3621;2.55915
3622;2.55776
3623;2.55797
3624;2.54285
3625;2.53826
3626;2.53986
3627;2.55224
3628;2.55187
3629;2.55232
3630;2.54757
3631;2.54831
3632;2.54598
3633;2.54502
3634;2.54418
3635;2.54517
3636;2.54383
3637;2.54408
3638;2.54411
3639;2.54369
3640;2.54487
3641;2.55001
3642;2.54572
3643;2.54617
3644;2.54571
3645;2.54462
3646;2.54198
3647;2.56522
3648;2.53334
3649;2.56274
3650;2.54454
3651;2.54253
3652;2.54125
3653;2.54725
3654;2.55055
3655;2.54
3656;2.55012
3657;2.54519
3658;2.54192
3659;2.55685
3660;2.54452
3661;2.54506
3662;2.54758
3663;2.56401
3664;2.54624
3665;2.54279
3666;2.51083
3667;2.56634
3668;2.56862
3669;2.56979
3670;2.57156
3671;2.57265
3672;2.5728
3673;2.57143
3674;2.57069
3675;2.5699
3676;2.56997
3677;2.56972
3678;2.56947
3679;2.56902
3680;2.57032
3681;2.57108
3682;2.57122
3683;2.57119
3684;2.57078
3685;2.57025
3686;2.56941
3687;2.568
3688;2.56438
3689;2.55717
3690;2.5344
3691;2.5321
3692;2.52814
3693;2.56561
3694;2.5632
3695;2.56471
3696;2.5646
3697;2.56253
3698;2.56527
3699;2.56649
3700;2.56761
3701;2.5665
3702;2.56612
3703;2.53498
3704;2.53904
3705;2.54379
3706;2.56815
3707;2.56967
3708;2.57018
3709;2.57099
3710;2.57074
3711;2.57074
3712;2.5722
3713;2.5725
3714;2.57247
3715;2.57279
3716;2.57339
3717;2.57356
3718;2.57383
3719;2.57429
3720;2.57564
3721;2.57646
3722;2.57752
3723;2.57825
3724;2.57875
3725;2.57977
3726;2.58008
3727;2.58191
3728;2.58223
3729;2.5829
3730;2.58429
3731;2.54657
3732;2.55056
3733;2.54576
3734;2.58274
3735;2.58088
3736;2.56351
3737;2.52362
3738;2.53174
3739;2.54939
3740;2.53039
3741;2.52607
3742;2.52956
3743;2.53541
3744;2.53621
3745;2.53734
3746;2.53946
3747;2.53869
3748;2.53837
3749;2.54178
3750;2.54524
3751;2.54688
3752;2.54785
3753;2.54871
3754;2.54542
3755;2.54657
3756;2.54581
3757;2.55225
3758;2.5484
3759;2.54678
3760;2.55455
3761;2.57006
3762;2.5713
3763;2.5647
3764;2.55122
3765;2.55071
3766;2.55958
3767;2.55082
3768;2.55559
3769;2.5616
3770;2.55885
3771;2.56658
3772;2.56453
3773;2.56363
3774;2.55341
3775;2.55949
3776;2.55199
3777;2.55013
3778;2.57829
3779;2.57664
3780;2.57071
3781;2.56877
3782;2.57187
3783;2.57711
3784;2.57501
3785;2.56511
3786;2.56283
3787;2.56967
3788;2.57269
3789;2.57148
3790;2.56296
3791;2.57108
3792;2.57011
3793;2.57319
3794;2.56368
3795;2.5682
3796;2.55537
3797;2.55528
3798;2.5548
3799;2.55368
3800;2.55488
3801;2.5538
3802;2.55412
3803;2.55356
3804;2.55293
3805;2.55341
3806;2.55245
3807;2.55176
3808;2.55351
3809;2.55536
3810;2.55488
3811;2.55418
3812;2.55384
3813;2.56105
3814;2.56955
3815;2.58253
3816;2.58412
3817;2.57291
3818;2.58568
3819;2.58604
3820;2.58745
3821;2.58823
3822;2.58892
3823;2.58968
3824;2.58882
3825;2.58744
3826;2.58758
3827;2.58779
3828;2.58808
3829;2.58799
3830;2.58921
3831;2.58767
3832;2.5482
3833;2.53742
3834;2.53566
3835;2.53489
3836;2.53526
3837;2.5372
3838;2.58334
3839;2.58342
3840;2.58537
3841;2.55808
3842;2.55823
3843;2.57894
3844;2.58681
3845;2.58288
3846;2.57174
3847;2.58768
3848;2.58912
3849;2.58044
3850;2.58821
3851;2.5896
3852;2.58905
3853;2.58106
3854;2.58775
3855;2.58478
3856;2.58321
3857;2.58577
3858;2.58421
3859;2.58562
3860;2.58629
3861;2.58805
3862;2.58718
3863;2.58748
3864;2.5876
3865;2.58678
3866;2.58722
3867;2.57927
3868;2.58488
3869;2.57024
3870;2.58579
3871;2.58575
3872;2.58557
3873;2.58545
3874;2.58515
3875;2.58485
3876;2.58542
3877;2.58524
3878;2.58577
3879;2.58585
3880;2.58646
3881;2.58673
3882;2.54816
3883;2.54769
3884;2.5468
3885;2.54393
3886;2.5407
3887;2.53507
3888;2.58084
3889;2.53594
3890;2.53788
3891;2.53994
3892;2.53805
3893;2.54871
3894;2.53698
3895;2.53497
3896;2.53111
3897;2.53374
3898;2.53278
3899;2.58075
3900;2.53861
3901;2.53819
3902;2.53815
3903;2.53808
3904;2.5424
3905;2.54071
3906;2.57956
3907;2.54768
3908;2.58312
3909;2.52933
3910;2.54433
3911;2.5463
3912;2.57176
3913;2.58925
3914;2.58951
3915;2.59021
3916;2.59079
3917;2.5908
3918;2.59171
3919;2.59206
3920;2.5938
3921;2.594
3922;2.59463
3923;2.59441
3924;2.56601
3925;2.55566
3926;2.56207
3927;2.59145
3928;2.56072
3929;2.58652
3930;2.59297
3931;2.59479
3932;2.59547
3933;2.59625
3934;2.59599
3935;2.55761
3936;2.594
3937;2.59465
3938;2.59542
3939;2.59529
3940;2.59636
3941;2.5964
3942;2.59641
3943;2.59611
3944;2.59584
3945;2.59695
3946;2.59631
3947;2.59642
3948;2.59656
3949;2.59689
3950;2.59809
3951;2.5983
3952;2.59793
3953;2.59726
3954;2.57582
3955;2.55526
3956;2.59451
3957;2.54527
3958;2.5535
3959;2.57759
3960;2.57059
3961;2.54222
3962;2.54696
3963;2.57462
3964;2.58921
3965;2.55732
3966;2.55686
3967;2.52399
3968;2.5573
3969;2.5657
3970;2.56167
3971;2.56541
3972;2.56997
3973;2.57003
3974;2.57058
3975;2.56128
3976;2.53231
3977;2.53259
3978;2.53449
3979;2.53436
3980;2.53773
3981;2.53427
3982;2.57383
3983;2.57376
3984;2.5525
3985;2.57362
3986;2.54866
3987;2.58596
3988;2.5882
3989;2.58566
3990;2.58476
3991;2.58554
3992;2.58655
3993;2.58809
3994;2.59106
3995;2.59278
3996;2.59095
3997;2.58122
3998;2.55158
3999;2.56093
4000;2.57321
4001;2.56618
4002;2.57976
4003;2.58178
4004;2.57732
4005;2.55265
4006;2.55615
4007;2.56795
4008;2.57348
4009;2.57686
4010;2.57637
4011;2.57932
4012;2.58247
4013;2.58289
4014;2.57368
4015;2.53875
4016;2.56569
4017;2.58416
4018;2.56483
4019;2.57495
4020;2.54537
4021;2.57722
4022;2.57558
4023;2.56873
4024;2.56928
4025;2.56449
4026;2.55615
4027;2.56905
4028;2.56666
4029;2.56964
4030;2.56672
4031;2.56771
4032;2.56823
4033;2.56714
4034;2.56856
4035;2.56754
4036;2.56655
4037;2.56675
4038;2.56929
4039;2.57035
4040;2.57152
4041;2.57256
4042;2.57105
4043;2.5761
4044;2.57475
4045;2.57198
4046;2.56478
4047;2.57744
4048;2.5797
4049;2.5845
4050;2.584
4051;2.58497
4052;2.58892
4053;2.58659
4054;2.58424
4055;2.572
4056;2.58754
4057;2.58683
4058;2.58566
4059;2.58124
4060;2.57206
4061;2.57553
4062;2.57555
4063;2.57505
4064;2.57586
4065;2.57486
4066;2.57131
4067;2.56338
4068;2.55578
4069;2.5459
4070;2.5475
4071;2.54526
4072;2.54454
4073;2.54546
4074;2.54387
4075;2.53695
4076;2.54977
4077;2.52988
4078;2.53369
4079;2.53463
4080;2.53604
4081;2.5369
4082;2.53618
4083;2.53616
4084;2.5363
4085;2.53612
4086;2.53441
4087;2.53511
4088;2.53522
4089;2.54038
4090;2.53753
4091;2.53965
4092;2.53525
4093;2.53806
4094;2.53417
4095;2.5338
4096;2.53018
4097;2.54472
4098;2.52655
4099;2.56306
4100;2.56445
4101;2.56099
4102;2.5644
4103;2.5623
4104;2.56382
4105;2.5492
4106;2.55691
4107;2.55841
4108;2.55751
4109;2.56204
4110;2.56316
4111;2.56483
4112;2.56522
4113;2.56201
4114;2.56365
4115;2.5655
4116;2.56643
4117;2.56633
4118;2.56752
4119;2.568
4120;2.56976
4121;2.57061
4122;2.57039
4123;2.56219
4124;2.52777
4125;2.53048
4126;2.54483
4127;2.56742
4128;2.54406
4129;2.56871
4130;2.57117
4131;2.57308
4132;2.57536
4133;2.57742
4134;2.52568
4135;2.57923
4136;2.58143
4137;2.5822
4138;2.56044
4139;2.58461
4140;2.58558
4141;2.58574
4142;2.58434
4143;2.58327
4144;2.58323
4145;2.58286
4146;2.56955
4147;2.5834
4148;2.58398
4149;2.53322
4150;2.53606
4151;2.57813
4152;2.53135
4153;2.5737
4154;2.56553
4155;2.53009
4156;2.56496
4157;2.57592
4158;2.52577
4159;2.57721
4160;2.5641
4161;2.53948
4162;2.53953
4163;2.54533
4164;2.54341
4165;2.54931
4166;2.53848
4167;2.57984
4168;2.56985
4169;2.53771
4170;2.57301
4171;2.58237
4172;2.53783
4173;2.53606
4174;2.53569
4175;2.53688
4176;2.53711
4177;2.53706
4178;2.53751
4179;2.53768
4180;2.53719
4181;2.53633
4182;2.53653
4183;2.53681
4184;2.53676
4185;2.53561
4186;2.53629
4187;2.53576
4188;2.53661
4189;2.5368
4190;2.53826
4191;2.53643
4192;2.53791
4193;2.53688
4194;2.53732
4195;2.53583
4196;2.53536
4197;2.53474
4198;2.53598
4199;2.53651
4200;2.53617
4201;2.53521
4202;2.53498
4203;2.53514
4204;2.52287
4205;2.53349
4206;2.53096
4207;2.52919
4208;2.53005
4209;2.52988
4210;2.53239
4211;2.53459
4212;2.53695
4213;2.53282
4214;2.5335
4215;2.53205
4216;2.53462
4217;2.53266
4218;2.53272
4219;2.5326
4220;2.53251
4221;2.53201
4222;2.53079
4223;2.53508
4224;2.52808
4225;2.52677
4226;2.5249
4227;2.52761
4228;2.53001
4229;2.52559
4230;2.53096
4231;2.52736
4232;2.52323
4233;2.52386
4234;2.52282
4235;2.52145
4236;2.52186
4237;2.52221
4238;2.52227
4239;2.5177
4240;2.51863
4241;2.50597
4242;2.506
4243;2.51994
4244;2.51867
4245;2.51704
4246;2.51573
4247;2.49652
4248;2.51455
4249;2.51078
4250;2.5047
4251;2.51401
4252;2.50872
4253;2.51195
4254;2.50919
4255;2.51099
4256;2.50909
4257;2.51272
4258;2.50888
4259;2.50995
4260;2.50954
4261;2.51145
4262;2.51354
4263;2.51049
4264;2.50702
4265;2.5057
4266;2.50456
4267;2.50624
4268;2.50684
4269;2.51189
4270;2.51612
4271;2.50963
4272;2.51261
4273;2.51289
4274;2.51395
4275;2.52201
4276;2.52607
4277;2.50712
4278;2.50815
4279;2.50977
4280;2.51291
4281;2.50778
4282;2.50768
4283;2.50601
4284;2.50358
4285;2.50544
4286;2.50551
4287;2.50374
4288;2.50607
4289;2.50821
4290;2.51228
4291;2.50445
4292;2.5011
4293;2.49642
4294;2.49434
4295;2.49855
4296;2.50248
4297;2.50277
4298;2.50441
4299;2.50263
4300;2.50503
4301;2.49934
4302;2.49556
4303;2.48337
4304;2.485
4305;2.48812
4306;2.49008
4307;2.4935
4308;2.49359
4309;2.48463
4310;2.48864
4311;2.48413
4312;2.49178
4313;2.48202
4314;2.48109
4315;2.49231
4316;2.4849
4317;2.49192
4318;2.4793
4319;2.48276
4320;2.47542
4321;2.47592
4322;2.47896
4323;2.48321
4324;2.49668
4325;2.4546
4326;2.4557
4327;2.4629
4328;2.45434
4329;2.46772
4330;2.47125
4331;2.47317
4332;2.47522
4333;2.47954
4334;2.48193
4335;2.47948
4336;2.47687
4337;2.48336
4338;2.48624
4339;2.47434
4340;2.47497
4341;2.47564
4342;2.47503
4343;2.47762
4344;2.46381
4345;2.47753
4346;2.48379
4347;2.48701
4348;2.48908
4349;2.48284
4350;2.47717
4351;2.46467
4352;2.4993
4353;2.4736
4354;2.4988
4355;2.46721
4356;2.46083
4357;2.47213
4358;2.46945
4359;2.48891
4360;2.48218
4361;2.48289
4362;2.4735
4363;2.49413
4364;2.49962
4365;2.50235
4366;2.49639
4367;2.4919
4368;2.49733
4369;2.49942
4370;2.49399
4371;2.46944
4372;2.47847
4373;2.47398
4374;2.48115
4375;2.48564
4376;2.47666
4377;2.44403
4378;2.4757
4379;2.4777
4380;2.47293
4381;2.4656
4382;2.44879
4383;2.45339
4384;2.44322
4385;2.43266
4386;2.43555
4387;2.43244
4388;2.42762
4389;2.44832
4390;2.45032
4391;2.44698
4392;2.44863
4393;2.43399
4394;2.44277
4395;2.44803
4396;2.45403
4397;2.42689
4398;2.47603
4399;2.47165
4400;2.46897
4401;2.46153
4402;2.45107
4403;2.46714
4404;2.48818
4405;2.50031
4406;2.48968
4407;2.48446
4408;2.47982
4409;2.46726
4410;2.46909
4411;2.46882
4412;2.47548
4413;2.45216
4414;2.47026
4415;2.46023
4416;2.47356
4417;2.43792
4418;2.44639
4419;2.44702
4420;2.44951
4421;2.46466
4422;2.46885
4423;2.46318
4424;2.4659
4425;2.45968
4426;2.46098
4427;2.45053
4428;2.4462
4429;2.44785
4430;2.44639
4431;2.45334
4432;2.47649
4433;2.48081
4434;2.44848
4435;2.47777
4436;2.47686
4437;2.47786
4438;2.47637
4439;2.47788
4440;2.4798
4441;2.47622
4442;2.49293
4443;2.51854
4444;2.52118
4445;2.52086
4446;2.51744
4447;2.50575
4448;2.50847
4449;2.52228
4450;2.52223
4451;2.52146
4452;2.52271
4453;2.52408
4454;2.52682
4455;2.5285
4456;2.53224
4457;2.53339
4458;2.5324
4459;2.52849
4460;2.49884
4461;2.42649
4462;2.50653
4463;2.52005
4464;2.52464
4465;2.5256
4466;2.52576
4467;2.52518
4468;2.5251
4469;2.52492
4470;2.52523
4471;2.52546
4472;2.5254
4473;2.52483
4474;2.5245
4475;2.52414
4476;2.52393
4477;2.52393
4478;2.52381
4479;2.5226
4480;2.52346
4481;2.52358
4482;2.52436
4483;2.5241
4484;2.52415
4485;2.52354
4486;2.52395
4487;2.52361
4488;2.52369
4489;2.52345
4490;2.52427
4491;2.52416
4492;2.52439
4493;2.52417
4494;2.52372
4495;2.52351
4496;2.52364
4497;2.52285
4498;2.52371
4499;2.52369
4500;2.5248
4501;2.52446
4502;2.52495
4503;2.52535
4504;2.52445
4505;2.52393
4506;2.52435
4507;2.52428
4508;2.52514
4509;2.52492
4510;2.52576
4511;2.52555
4512;2.52597
4513;2.52602
4514;2.52548
4515;2.52513
4516;2.52501
4517;2.52504
4518;2.52565
4519;2.52557
4520;2.52657
4521;2.5267
4522;2.52693
4523;2.5267
4524;2.52668
4525;2.52637
4526;2.52669
4527;2.52662
4528;2.52709
4529;2.52697
4530;2.52744
4531;2.52743
4532;2.52815
4533;2.52827
4534;2.52808
4535;2.52768
4536;2.52778
4537;2.52792
4538;2.52802
4539;2.52808
4540;2.52885
4541;2.52931
4542;2.52911
4543;2.52902
4544;2.52904
4545;2.52836
4546;2.52889
4547;2.52902
4548;2.52938
4549;2.52928
4550;2.52978
4551;2.53005
4552;2.53065
4553;2.53072
4554;2.53016
4555;2.53019
4556;2.53019
4557;2.53031
4558;2.53077
4559;2.53089
4560;2.53189
4561;2.5322
4562;2.53202
4563;2.53257
4564;2.5323
4565;2.53201
4566;2.53334
4567;2.53243
4568;2.53246
4569;2.53259
4570;2.53368
4571;2.53342
4572;2.53387
4573;2.53357
4574;2.53337
4575;2.53322
4576;2.53355
4577;2.53367
4578;2.53357
4579;2.53364
4580;2.53415
4581;2.53449
4582;2.53456
4583;2.53455
4584;2.53413
4585;2.5339
4586;2.53438
4587;2.5352
4588;2.53441
4589;2.5344
4590;2.5353
4591;2.53529
4592;2.53549
4593;2.53545
4594;2.53502
4595;2.53508
4596;2.53533
4597;2.5348
4598;2.53509
4599;2.53552
4600;2.53633
4601;2.5365
4602;2.53655
4603;2.53652
4604;2.53632
4605;2.53577
4606;2.5361
4607;2.53638
4608;2.5364
4609;2.53763
4610;2.53723
4611;2.53749
4612;2.53738
4613;2.53787
4614;2.53771
4615;2.53715
4616;2.53717
4617;2.53687
4618;2.53722
4619;2.53695
4620;2.538
4621;2.538
4622;2.53872
4623;2.53834
4624;2.53811
4625;2.53577
4626;2.53684
4627;2.53672
4628;2.53779
4629;2.53767
4630;2.53822
4631;2.53786
4632;2.53817
4633;2.53799
4634;2.5377
4635;2.53741
4636;2.5378
4637;2.53829
4638;2.53912
4639;2.53923
4640;2.54012
4641;2.53945
4642;2.54033
4643;2.54024
4644;2.54013
4645;2.53962
4646;2.5398
4647;2.54047
4648;2.53993
4649;2.53992
4650;2.5408
4651;2.54083
4652;2.54088
4653;2.54109
4654;2.54082
4655;2.54089
4656;2.54078
4657;2.54064
4658;2.54103
4659;2.54113
4660;2.54187
4661;2.54175
4662;2.54191
4663;2.54203
4664;2.54148
4665;2.54154
4666;2.54185
4667;2.54131
4668;2.54173
4669;2.54155
4670;2.54249
4671;2.54233
4672;2.54269
4673;2.54234
4674;2.54207
4675;2.54166
4676;2.54197
4677;2.54179
4678;2.54261
4679;2.54205
4680;2.54309
4681;2.54321
4682;2.54325
4683;2.54331
4684;2.5428
4685;2.54244
4686;2.54281
4687;2.54252
4688;2.54273
4689;2.54285
4690;2.54317
4691;2.54338
4692;2.54369
4693;2.54272
4694;2.54315
4695;2.54303
4696;2.54341
4697;2.54304
4698;2.54323
4699;2.5432
4700;2.54394
4701;2.54371
4702;2.54407
4703;2.54408
4704;2.54352
4705;2.54349
4706;2.54329
4707;2.54324
4708;2.54399
4709;2.5433
4710;2.54394
4711;2.54414
4712;2.54389
4713;2.54381
4714;2.54382
4715;2.54327
4716;2.54384
4717;2.54356
4718;2.54381
4719;2.54446
4720;2.54434
4721;2.54413
4722;2.54427
4723;2.54418
4724;2.54381
4725;2.54342
4726;2.54392
4727;2.54349
4728;2.54403
4729;2.54455
4730;2.54471
4731;2.54483
4732;2.5447
4733;2.5445
4734;2.54413
4735;2.54387
4736;2.54403
4737;2.54412
4738;2.54439
4739;2.54428
4740;2.54485
4741;2.54477
4742;2.54464
4743;2.54429
4744;2.54315
4745;2.54379
4746;2.54394
4747;2.54402
4748;2.54321
4749;2.54359
4750;2.54328
4751;2.54295
4752;2.54533
4753;2.54556
4754;2.54536
4755;2.54474
4756;2.54534
4757;2.545
4758;2.54547
4759;2.54524
4760;2.54594
4761;2.54654
4762;2.54612
4763;2.54608
4764;2.54569
4765;2.54581
4766;2.54583
4767;2.54564
4768;2.54681
4769;2.54575
4770;2.5463
4771;2.54651
4772;2.54671
4773;2.54641
4774;2.54632
4775;2.54595
4776;2.54624
4777;2.54614
4778;2.54641
4779;2.54622
4780;2.5469
4781;2.54716
4782;2.54731
4783;2.54701
4784;2.54686
4785;2.54655
4786;2.54686
4787;2.5466
4788;2.54703
4789;2.54671
4790;2.54747
4791;2.54725
4792;2.54743
4793;2.54739
4794;2.54682
4795;2.54678
4796;2.54698
4797;2.54695
4798;2.54725
4799;2.54687
4800;2.54772
4801;2.54761
4802;2.54789
4803;2.54785
4804;2.54757
4805;2.54731
4806;2.54752
4807;2.54729
4808;2.54766
4809;2.54808
4810;2.54805
4811;2.54775
4812;2.5481
4813;2.54761
4814;2.54775
4815;2.54749
4816;2.5476
4817;2.54727
4818;2.54752
4819;2.54712
4820;2.54798
4821;2.54831
4822;2.54818
4823;2.54832
4824;2.54799
4825;2.54755
4826;2.54766
4827;2.54734
4828;2.54795
4829;2.54758
4830;2.54855
4831;2.54844
4832;2.54868
4833;2.54862
4834;2.54827
4835;2.54791
4836;2.54852
4837;2.54843
4838;2.5486
4839;2.54848
4840;2.54945
4841;2.54933
4842;2.54926
4843;2.54946
4844;2.54922
4845;2.5488
4846;2.54917
4847;2.54891
4848;2.5492
4849;2.54927
4850;2.55009
4851;2.54979
4852;2.54994
4853;2.54897
4854;2.54873
4855;2.54883
4856;2.54908
4857;2.54908
4858;2.54937
4859;2.54912
4860;2.54982
4861;2.54995
4862;2.54995
4863;2.55045
4864;2.54969
4865;2.54971
4866;2.55015
4867;2.5503
4868;2.5513
4869;2.55068
4870;2.55138
4871;2.55127
4872;2.55101
4873;2.55086
4874;2.55046
4875;2.55001
4876;2.55036
4877;2.54985
4878;2.55028
4879;2.55018
4880;2.55072
4881;2.55068
4882;2.55083
4883;2.55057
4884;2.55013
4885;2.55019
4886;2.54994
4887;2.54983
4888;2.55007
4889;2.54978
4890;2.55026
4891;2.55038
4892;2.55019
4893;2.55058
4894;2.54964
4895;2.54967
4896;2.54945
4897;2.54929
4898;2.5498
4899;2.54922
4900;2.54991
4901;2.54977
4902;2.54988
4903;2.55025
4904;2.54982
4905;2.54991
4906;2.54869
4907;2.54606
4908;2.54145
4909;2.53926
4910;2.54029
4911;2.53455
4912;2.53017
4913;2.53468
4914;2.53534
4915;2.53412
4916;2.53432
4917;2.53361
4918;2.53424
4919;2.5341
4920;2.53473
4921;2.53438
4922;2.53485
4923;2.53465
4924;2.53425
4925;2.53404
4926;2.5341
4927;2.53378
4928;2.53406
4929;2.53381
4930;2.53484
4931;2.53442
4932;2.5347
4933;2.53379
4934;2.53447
4935;2.53399
4936;2.53443
4937;2.53395
4938;2.53423
4939;2.53393
4940;2.53479
4941;2.53457
4942;2.53488
4943;2.53487
4944;2.53472
4945;2.53499
4946;2.53537
4947;2.53521
4948;2.53508
4949;2.53539
4950;2.53594
4951;2.53559
4952;2.53549
4953;2.53514
4954;2.5342
4955;2.53422
4956;2.53441
4957;2.53401
4958;2.53389
4959;2.53343
4960;2.5343
4961;2.53434
4962;2.53419
4963;2.53405
4964;2.53359
4965;2.53345
4966;2.53356
4967;2.53324
4968;2.53345
4969;2.5331
4970;2.53381
4971;2.53304
4972;2.53354
4973;2.53358
4974;2.53304
4975;2.53273
4976;2.53264
4977;2.5323
4978;2.53256
4979;2.53248
4980;2.53294
4981;2.53346
4982;2.53371
4983;2.53338
4984;2.53199
4985;2.5318
4986;2.53472
4987;2.53724
4988;2.53465
4989;2.53527
4990;2.53589
4991;2.53583
4992;2.53493
4993;2.53459
4994;2.53372
4995;2.53336
4996;2.53328
4997;2.53306
4998;2.53279
4999;2.5323
5000;2.53332
5001;2.53302
5002;2.53319
5003;2.53338
5004;2.53238
5005;2.53255
5006;2.53425
5007;2.53441
5008;2.52652
5009;2.53158
5010;2.53039
5011;2.53002
5012;2.53011
5013;2.53024
5014;2.53005
5015;2.52961
5016;2.52952
5017;2.5284
5018;2.52837
5019;2.52802
5020;2.52806
5021;2.52776
5022;2.52749
5023;2.52707
5024;2.52661
5025;2.52607
5026;2.52613
5027;2.52586
5028;2.52605
5029;2.52553
5030;2.52648
5031;2.52626
5032;2.52607
5033;2.52537
5034;2.52531
5035;2.52409
5036;2.52494
5037;2.5245
5038;2.52511
5039;2.52529
5040;2.52625
5041;2.52635
5042;2.52603
5043;2.52592
5044;2.52525
5045;2.52513
5046;2.52532
5047;2.52496
5048;2.5206
5049;2.51963
5050;2.5223
5051;2.52514
5052;2.52335
5053;2.52497
5054;2.52393
5055;2.52444
5056;2.5246
5057;2.52453
5058;2.52446
5059;2.52439
5060;2.52496
5061;2.52465
5062;2.52449
5063;2.52458
5064;2.52407
5065;2.52499
5066;2.5247
5067;2.52466
5068;2.52495
5069;2.52481
5070;2.52527
5071;2.52529
5072;2.52445
5073;2.52393
5074;2.5231
5075;2.52289
5076;2.52261
5077;2.52235
5078;2.52268
5079;2.52225
5080;2.52009
5081;2.52313
5082;2.52309
5083;2.52201
5084;2.52187
5085;2.52141
5086;2.52139
5087;2.52109
5088;2.52127
5089;2.52103
5090;2.52154
5091;2.52176
5092;2.52189
5093;2.52177
5094;2.5218
5095;2.521
5096;2.52151
5097;2.52115
5098;2.52118
5099;2.52113
5100;2.52169
5101;2.52216
5102;2.52199
5103;2.52193
5104;2.52127
5105;2.52086
5106;2.52088
5107;2.52053
5108;2.52034
5109;2.52049
5110;2.52111
5111;2.521
5112;2.52112
5113;2.52153
5114;2.52122
5115;2.52109
5116;2.52193
5117;2.52172
5118;2.52171
5119;2.52082
5120;2.52146
5121;2.52168
5122;2.52171
5123;2.52186
5124;2.52138
5125;2.52206
5126;2.52146
5127;2.52107
5128;2.52123
5129;2.52079
5130;2.52135
5131;2.52066
5132;2.52069
5133;2.52085
5134;2.52066
5135;2.52133
5136;2.52189
5137;2.52232
5138;2.52297
5139;2.52253
5140;2.52339
5141;2.52212
5142;2.52123
5143;2.52029
5144;2.51857
5145;2.51758
5146;2.51639
5147;2.51586
5148;2.51485
5149;2.51445
5150;2.5145
5151;2.5144
5152;2.51404
5153;2.51359
5154;2.51357
5155;2.51211
5156;2.51241
5157;2.51197
5158;2.51151
5159;2.51128
5160;2.51143
5161;2.51185
5162;2.51204
5163;2.51209
5164;2.51157
5165;2.51108
5166;2.51094
5167;2.51024
5168;2.51044
5169;2.51002
5170;2.51075
5171;2.51047
5172;2.51109
5173;2.51111
5174;2.51063
5175;2.51217
5176;2.51039
5177;2.50761
5178;2.50905
5179;2.50856
5180;2.50905
5181;2.50863
5182;2.50878
5183;2.50915
5184;2.50879
5185;2.50876
5186;2.50881
5187;2.50868
5188;2.50812
5189;2.50705
5190;2.50754
5191;2.50685
5192;2.5067
5193;2.50646
5194;2.50658
5195;2.5062
5196;2.506
5197;2.50558
5198;2.50562
5199;2.50542
5200;2.50521
5201;2.50449
5202;2.50272
5203;2.50038
5204;2.48878
5205;2.49462
5206;2.49214
5207;2.519
5208;2.53321
5209;2.5389
5210;2.54322
5211;2.54656
5212;2.54912
5213;2.55114
5214;2.55221
5215;2.55225
5216;2.55306
5217;2.55034
5218;2.55203
5219;2.5534
5220;2.55595
5221;2.55795
5222;2.56118
5223;2.56393
5224;2.56667
5225;2.56677
5226;2.56677
5227;2.56537
5228;2.56364
5229;2.56133
5230;2.55805
5231;2.55404
5232;2.54959
5233;2.54688
5234;2.54474
5235;2.54379
5236;2.54198
5237;2.54244
5238;2.54347
5239;2.54227
5240;2.543
5241;2.54488
5242;2.54734
5243;2.55027
5244;2.55187
5245;2.55371
5246;2.55458
5247;2.55413
5248;2.55283
5249;2.55067
5250;2.54903
5251;2.54563
5252;2.54386
5253;2.54184
5254;2.54063
5255;2.53911
5256;2.53878
5257;2.5386
5258;2.53762
5259;2.53745
5260;2.53874
5261;2.53931
5262;2.5413
5263;2.54403
5264;2.54528
5265;2.54617
5266;2.54719
5267;2.54663
5268;2.54687
5269;2.54588
5270;2.54538
5271;2.5442
5272;2.54285
5273;2.54093
5274;2.53912
5275;2.53767
5276;2.53567
5277;2.53388
5278;2.53393
5279;2.53335
5280;2.53394
5281;2.53535
5282;2.5373
5283;2.53925
5284;2.54094
5285;2.5431
5286;2.54646
5287;2.54824
5288;2.55043
5289;2.55115
5290;2.55258
5291;2.55157
5292;2.54934
5293;2.54554
5294;2.54136
5295;2.53771
5296;2.53598
5297;2.53345
5298;2.53198
5299;2.52984
5300;2.52928
5301;2.52807
5302;2.52739
5303;2.52618
5304;2.52693
5305;2.52677
5306;2.52952
5307;2.53158
5308;2.53439
5309;2.53618
5310;2.53726
5311;2.53607
5312;2.53571
5313;2.53337
5314;2.52966
5315;2.52866
5316;2.53088
5317;2.52941
5318;2.5287
5319;2.52705
5320;2.53005
5321;2.53108
5322;2.53174
5323;2.53142
5324;2.52849
5325;2.52737
5326;2.52487
5327;2.51794
5328;2.50849
5329;2.50785
5330;2.5083
5331;2.51182
5332;2.51194
5333;2.51187
5334;2.51156
5335;2.5138
5336;2.51215
5337;2.51046
5338;2.51428
5339;2.51675
5340;2.51848
5341;2.52293
5342;2.52675
5343;2.52889
5344;2.52914
5345;2.52903
5346;2.52905
5347;2.5289
5348;2.52736
5349;2.52614
5350;2.5262
5351;2.52424
5352;2.52275
5353;2.52124
5354;2.51973
5355;2.51871
5356;2.51963
5357;2.52124
5358;2.52602
5359;2.53041
5360;2.53548
5361;2.53878
5362;2.54202
5363;2.54511
5364;2.5492
5365;2.55392
5366;2.55799
5367;2.56068
5368;2.56267
5369;2.56362
5370;2.56415
5371;2.56272
5372;2.56019
5373;2.55494
5374;2.5461
5375;2.53549
5376;2.52582
5377;2.5176
5378;2.51278
5379;2.50844
5380;2.50684
5381;2.50613
5382;2.50802
5383;2.51103
5384;2.51652
5385;2.52445
5386;2.5361
5387;2.54492
5388;2.55216
5389;2.55738
5390;2.56233
5391;2.56476
5392;2.56573
5393;2.56568
5394;2.56493
5395;2.56368
5396;2.5623
5397;2.56006
5398;2.55598
5399;2.54981
5400;2.5436
5401;2.53516
5402;2.52567
5403;2.51808
5404;2.51365
5405;2.51222
5406;2.5134
5407;2.51532
5408;2.51979
5409;2.52618
5410;2.53449
5411;2.54135
5412;2.54754
5413;2.55331
5414;2.55621
5415;2.55773
5416;2.55858
5417;2.5575
5418;2.55569
5419;2.55046
5420;2.54358
5421;2.53226
5422;2.51652
5423;2.50234
5424;2.49092
5425;2.48135
5426;2.47487
5427;2.47041
5428;2.46879
5429;2.46666
5430;2.46685
5431;2.46844
5432;2.47363
5433;2.48126
5434;2.49003
5435;2.5041
5436;2.52549
5437;2.54261
5438;2.55369
5439;2.55954
5440;2.56227
5441;2.5618
5442;2.55863
5443;2.55113
5444;2.53526
5445;2.51244
5446;2.48944
5447;2.47362
5448;2.46343
5449;2.45435
5450;2.44839
5451;2.44333
5452;2.43951
5453;2.43658
5454;2.43492
5455;2.4379
5456;2.44608
5457;2.45457
5458;2.46162
5459;2.46491
5460;2.46394
5461;2.45555
5462;2.44509
5463;2.43196
5464;2.42015
5465;2.4128
5466;2.40997
5467;2.40838
5468;2.40884
5469;2.40929
5470;2.41149
5471;2.41396
5472;2.41772
5473;2.42069
5474;2.42218
5475;2.42275
5476;2.42352
5477;2.42691
5478;2.43525
5479;2.44728
5480;2.4612
5481;2.46853
5482;2.46618
5483;2.45443
5484;2.43614
5485;2.41278
5486;2.39095
5487;2.37387
5488;2.36747
5489;2.3624
5490;2.35932
5491;2.35559
5492;2.35196
5493;2.34916
5494;2.34529
5495;2.34201
5496;2.3388
5497;2.33616
5498;2.33372
5499;2.33112
5500;2.33031
5501;2.32911
5502;2.33009
5503;2.33397
5504;2.33969
5505;2.34596
5506;2.3505
5507;2.35152
5508;2.34851
5509;2.34049
5510;2.33095
5511;2.32262
5512;2.3169
5513;2.31191
5514;2.3085
5515;2.30636
5516;2.30421
5517;2.30095
5518;2.29656
5519;2.29305
5520;2.28942
5521;2.28567
5522;2.28334
5523;2.28076
5524;2.27791
5525;2.27595
5526;2.27383
5527;2.27177
5528;2.27036
5529;2.26848
5530;2.26778
5531;2.26672
5532;2.26567
5533;2.26547
5534;2.26523
5535;2.26573
5536;2.26638
5537;2.26584
5538;2.26478
5539;2.26283
5540;2.26118
5541;2.25715
5542;2.25434
5543;2.25254
5544;2.24944
5545;2.24633
5546;2.24608
5547;2.24284
5548;2.24131
5549;2.24102
5550;2.24106
5551;2.24156
5552;2.24891
5553;2.25813
5554;2.2667
5555;2.27537
5556;2.28523
5557;2.29004
5558;2.29401
5559;2.29544
5560;2.29401
5561;2.28765
5562;2.27933
5563;2.27196
5564;2.26328
5565;2.25824
5566;2.25443
5567;2.2492
5568;2.24526
5569;2.2389
5570;2.23584
5571;2.23157
5572;2.22807
5573;2.22494
5574;2.22309
5575;2.22109
5576;2.21914
5577;2.21737
5578;2.21604
5579;2.21489
5580;2.21527
5581;2.21563
5582;2.21549
5583;2.21438
5584;2.21304
5585;2.20961
5586;2.20743
5587;2.20517
5588;2.20254
5589;2.20116
5590;2.20134
5591;2.2026
5592;2.20621
5593;2.21269
5594;2.21823
5595;2.22477
5596;2.23238
5597;2.23531
5598;2.23582
5599;2.23346
5600;2.22968
5601;2.22403
5602;2.21728
5603;2.21074
5604;2.20596
5605;2.19909
5606;2.19507
5607;2.19259
5608;2.19214
5609;2.1895
5610;2.18946
5611;2.18646
5612;2.18549
5613;2.18356
5614;2.17863
5615;2.1779
5616;2.17772
5617;2.17799
5618;2.17774
5619;2.17674
5620;2.17697
5621;2.1763
5622;2.17605
5623;2.1762
5624;2.17674
5625;2.18143
5626;2.1909
5627;2.19855
5628;2.20766
5629;2.215
5630;2.22198
5631;2.22259
5632;2.21839
5633;2.21294
5634;2.20718
5635;2.19886
5636;2.1912
5637;2.18564
5638;2.18272
5639;2.18029
5640;2.17938
5641;2.17714
5642;2.17502
5643;2.17194
5644;2.16807
5645;2.16479
5646;2.16183
5647;2.15541
5648;2.15324
5649;2.15052
5650;2.14781
5651;2.14438
5652;2.14069
5653;2.13801
5654;2.13469
5655;2.13183
5656;2.12933
5657;2.11878
5658;2.11351
5659;2.11158
5660;2.11114
5661;2.10911
5662;2.10728
5663;2.10523
5664;2.10374
5665;2.10222
5666;2.10109
5667;2.1005
5668;2.09954
5669;2.09844
5670;2.09849
5671;2.09814
5672;2.0974
5673;2.09791
5674;2.09858
5675;2.098
5676;2.09786
5677;2.09763
5678;2.09822
5679;2.09792
5680;2.09854
5681;2.09922
5682;2.09896
5683;2.1011
5684;2.10262
5685;2.10985
5686;2.11744
5687;2.12448
5688;2.13323
5689;2.13802
5690;2.14356
5691;2.14509
5692;2.14128
5693;2.13317
5694;2.12299
5695;2.11274
5696;2.10484
5697;2.09756
5698;2.09156
5699;2.08819
5700;2.08678
5701;2.08631
5702;2.08456
5703;2.08367
5704;2.08344
5705;2.0824
5706;2.08221
5707;2.08155
5708;2.08187
5709;2.08167
5710;2.08279
5711;2.08371
5712;2.08683
5713;2.08728
5714;2.0879
5715;2.08864
5716;2.08986
5717;2.09093
5718;2.09279
5719;2.09438
5720;2.09703
5721;2.09978
5722;2.10223
5723;2.10578
5724;2.11185
5725;2.12371
5726;2.14293
5727;2.16043
5728;2.17464
5729;2.18143
5730;2.18294
5731;2.17574
5732;2.16216
5733;2.14663
5734;2.13405
5735;2.12448
5736;2.11993
5737;2.11763
5738;2.11686
5739;2.11616
5740;2.11668
5741;2.11639
5742;2.1166
5743;2.11682
5744;2.11686
5745;2.11736
5746;2.11795
5747;2.11869
5748;2.11964
5749;2.12029
5750;2.12168
5751;2.12244
5752;2.12341
5753;2.12397
5754;2.12531
5755;2.12635
5756;2.12731
5757;2.12741
5758;2.12767
5759;2.12769
5760;2.13049
5761;2.1301
5762;2.13727
5763;2.13946
5764;2.1411
5765;2.14191
5766;2.14375
5767;2.14512
5768;2.14719
5769;2.14892
5770;2.1504
5771;2.15304
5772;2.15513
5773;2.15746
5774;2.1593
5775;2.16167
5776;2.16452
5777;2.16623
5778;2.16773
5779;2.16844
5780;2.16941
5781;2.16888
5782;2.169
5783;2.16962
5784;2.16974
5785;2.17022
5786;2.16979
5787;2.17126
5788;2.1741
5789;2.17444
5790;2.1785
5791;2.18092
5792;2.18265
5793;2.18463
5794;2.18604
5795;2.18745
5796;2.18929
5797;2.19099
5798;2.1926
5799;2.1939
5800;2.19598
5801;2.19706
5802;2.19806
5803;2.1995
5804;2.19952
5805;2.20085
5806;2.20301
5807;2.20493
5808;2.20725
5809;2.2076
5810;2.20829
5811;2.20725
5812;2.20613
5813;2.20562
5814;2.20472
5815;2.20481
5816;2.20709
5817;2.20845
5818;2.2099
5819;2.21041
5820;2.21174
5821;2.21221
5822;2.2129
5823;2.21232
5824;2.21211
5825;2.21013
5826;2.20672
5827;2.20426
5828;2.20509
5829;2.20393
5830;2.20288
5831;2.20195
5832;2.19923
5833;2.20133
5834;2.20087
5835;2.19989
5836;2.19945
5837;2.19874
5838;2.19808
5839;2.19708
5840;2.19687
5841;2.19659
5842;2.19621
5843;2.19585
5844;2.19501
5845;2.19458
5846;2.19404
5847;2.19324
5848;2.19282
5849;2.19251
5850;2.19255
5851;2.1921
5852;2.19146
5853;2.19149
5854;2.19091
5855;2.19038
5856;2.19015
5857;2.18974
5858;2.18974
5859;2.18938
5860;2.18966
5861;2.18961
5862;2.18907
5863;2.18856
5864;2.18734
5865;2.18648
5866;2.18575
5867;2.18502
5868;2.18461
5869;2.18346
5870;2.18371
5871;2.18303
5872;2.18292
5873;2.18203
5874;2.18127
5875;2.18031
5876;2.18009
5877;2.17922
5878;2.17826
5879;2.17738
5880;2.1776
5881;2.1768
5882;2.17442
5883;2.17319
5884;2.17135
5885;2.17298
5886;2.17339
5887;2.17288
5888;2.1729
5889;2.17247
5890;2.17295
5891;2.17293
5892;2.17282
5893;2.17272
5894;2.17236
5895;2.17229
5896;2.17242
5897;2.17225
5898;2.17253
5899;2.17231
5900;2.17303
5901;2.173
5902;2.17309
5903;2.17188
5904;2.17122
5905;2.171
5906;2.17306
5907;2.17218
5908;2.17253
5909;2.17194
5910;2.1731
5911;2.17291
5912;2.17313
5913;2.172
5914;2.16839
5915;2.15647
5916;2.15024
5917;2.14889
5918;2.14802
5919;2.14697
5920;2.14651
5921;2.14544
5922;2.14364
5923;2.14366
5924;2.1506
5925;2.15461
5926;2.16016
5927;2.15918
5928;2.15858
5929;2.15774
5930;2.15771
5931;2.15722
5932;2.1567
5933;2.15615
5934;2.15525
5935;2.15416
5936;2.1545
5937;2.15384
5938;2.15389
5939;2.15397
5940;2.15171
5941;2.15284
5942;2.15421
5943;2.15266
5944;2.15138
5945;2.15038
5946;2.15452
5947;2.15427
5948;2.15474
5949;2.15402
5950;2.15169
5951;2.15276
5952;2.15118
5953;2.15177
5954;2.15179
5955;2.15086
5956;2.15099
5957;2.1508
5958;2.15264
5959;2.15348
5960;2.15393
5961;2.15529
5962;2.15609
5963;2.15633
5964;2.15673
5965;2.15633
5966;2.15587
5967;2.15507
5968;2.15421
5969;2.15272
5970;2.15258
5971;2.15214
5972;2.15225
5973;2.15222
5974;2.1521
5975;2.15181
5976;2.15239
5977;2.15248
5978;2.15365
5979;2.15447
5980;2.15573
5981;2.1565
5982;2.15695
5983;2.15705
5984;2.15651
5985;2.15578
5986;2.15569
5987;2.15408
5988;2.15406
5989;2.15267
5990;2.15419
5991;2.15416
5992;2.15296
5993;2.15015
5994;2.15056
5995;2.14894
5996;2.15322
5997;2.15389
5998;2.15465
5999;2.15516
6000;2.15635
6001;2.1565
6002;2.15657
6003;2.15612
6004;2.15504
6005;2.15403
6006;2.15296
6007;2.14773
6008;2.13678
6009;2.12664
6010;2.14133
6011;2.1356
6012;2.13239
6013;2.14726
6014;2.14676
6015;2.14566
6016;2.15085
6017;2.15071
6018;2.15067
6019;2.15044
6020;2.15067
6021;2.15004
6022;2.14974
6023;2.1483
6024;2.14387
6025;2.12027
6026;2.1385
6027;2.14731
6028;2.14754
6029;2.14712
6030;2.14732
6031;2.09831
6032;1.8225
6033;2.0619
6034;2.11208
6035;2.14284
6036;2.14949
6037;2.15038
6038;2.15117
6039;2.14931
6040;2.15153
6041;2.14983
6042;2.1474
6043;2.14732
6044;2.14626
6045;2.14771
6046;2.1446
6047;2.14182
6048;2.14422
6049;2.14251
6050;2.1431
6051;2.14477
6052;2.12905
6053;2.13586
6054;2.13795
6055;2.13766
6056;2.13825
6057;2.138
6058;2.1386
6059;2.13815
6060;2.13965
6061;2.14127
6062;2.1463
6063;2.14753
6064;2.14455
6065;2.14214
6066;2.14245
6067;2.14158
6068;2.14096
6069;2.1388
6070;2.13967
6071;2.13905
6072;2.13822
6073;2.13698
6074;2.1359
6075;2.13425
6076;2.13267
6077;2.13201
6078;2.13314
6079;2.13311
6080;2.13264
6081;2.13176
6082;2.13211
6083;2.13415
6084;2.13609
6085;2.1355
6086;2.13397
6087;2.12979
6088;2.13457
6089;2.13263
6090;2.12747
6091;2.12516
6092;2.106
6093;1.99886
6094;2.07295
6095;2.08511
6096;2.1235
6097;2.12961
6098;2.13416
6099;2.13464
6100;2.12144
6101;2.13096
6102;2.11742
6103;2.12006
6104;2.1184
6105;2.09624
6106;2.09876
6107;2.1043
6108;2.09549
6109;2.10703
6110;2.11695
6111;2.12594
6112;2.13427
6113;2.13222
6114;2.08662
6115;2.08499
6116;2.0963
6117;2.12431
6118;2.14208
6119;2.14024
6120;2.14395
6121;2.15138
6122;2.15431
6123;2.155
6124;2.1549
6125;2.15346
6126;2.15268
6127;2.15226
6128;2.15229
6129;2.15337
6130;2.15469
6131;2.15494
6132;2.15495
6133;2.15473
6134;2.15411
6135;2.15398
6136;2.15421
6137;2.15408
6138;2.15527
6139;2.15577
6140;2.15717
6141;2.15794
6142;2.15836
6143;2.15965
6144;2.15933
6145;2.16078
6146;2.16244
6147;2.16401
6148;2.16684
6149;2.16974
6150;2.17364
6151;2.17803
6152;2.18183
6153;2.18656
6154;2.18885
6155;2.18932
6156;2.18757
6157;2.18357
6158;2.18004
6159;2.17808
6160;2.17672
6161;2.17461
6162;2.17345
6163;2.17302
6164;2.17235
6165;2.17141
6166;2.1721
6167;2.1728
6168;2.17374
6169;2.17388
6170;2.17504
6171;2.17462
6172;2.17307
6173;2.1718
6174;2.16982
6175;2.16821
6176;2.16739
6177;2.16586
6178;2.16278
6179;2.15633
6180;2.12532
6181;2.06401
6182;2.05312
6183;2.10337
6184;2.07297
6185;2.09088
6186;2.09396
6187;2.09372
6188;2.09888
6189;2.09862
6190;2.12842
6191;2.14638
6192;2.14814
6193;2.14662
6194;2.13533
6195;2.0888
6196;1.783
6197;1.78897
6198;1.79282
6199;1.8014
6200;1.81336
6201;1.77671
6202;1.9899
6203;2.10978
6204;2.13915
6205;2.14741
6206;2.14781
6207;2.15098
6208;2.15361
6209;2.15952
6210;2.16395
6211;2.16772
6212;2.17002
6213;2.17205
6214;2.17211
6215;2.17035
6216;2.16812
6217;2.16484
6218;2.16164
6219;2.15689
6220;2.15313
6221;2.14869
6222;2.14643
6223;2.14407
6224;2.14139
6225;2.13901
6226;2.13644
6227;2.13178
6228;2.12738
6229;2.12244
6230;2.11855
6231;2.11343
6232;2.10807
6233;2.10364
6234;2.09861
6235;2.09666
6236;2.09458
6237;2.09185
6238;2.08916
6239;2.08428
6240;2.08204
6241;2.08198
6242;2.07824
6243;2.07526
6244;2.07021
6245;2.06065
6246;2.05953
6247;2.05476
6248;2.0466
6249;2.04276
6250;2.03534
6251;2.03915
6252;2.03895
6253;2.03713
6254;2.03219
6255;2.02754
6256;2.02031
6257;2.00972
6258;2.00751
6259;1.99522
6260;1.99916
6261;1.9814
6262;1.97966
6263;1.97788
6264;1.97752
6265;1.98983
6266;1.98659
6267;1.98206
6268;1.98221
6269;1.9786
6270;1.97951
6271;1.97665
6272;1.97903
6273;1.97861
6274;1.9751
6275;1.97677
6276;1.96497
6277;1.96387
6278;1.95916
6279;1.95587
6280;1.96562
6281;1.96294
6282;1.96053
6283;1.95816
6284;1.95536
6285;1.97949
6286;1.98003
6287;1.98025
6288;1.98267
6289;1.98134
6290;1.97826
6291;1.97958
6292;1.97819
6293;1.97849
6294;1.97522
6295;1.96457
6296;1.9697
6297;1.98719
6298;1.98263
6299;1.98614
6300;1.98623
6301;1.98577
6302;1.98525
6303;1.98441
6304;1.98363
6305;1.98239
6306;1.98196
6307;1.9812
6308;1.98146
6309;1.98068
6310;1.98116
6311;1.98079
6312;1.98079
6313;1.98056
6314;1.98009
6315;1.97971
6316;1.97955
6317;1.9788
6318;1.97978
6319;1.97962
6320;1.98018
6321;1.98017
6322;1.98036
6323;1.98018
6324;1.97958
6325;1.9796
6326;1.97965
6327;1.97879
6328;1.97651
6329;1.97393
6330;1.97513
6331;1.97608
6332;1.97884
6333;1.97731
6334;1.98077
6335;1.97879
6336;1.97582
6337;1.97626
6338;1.97777
6339;1.97807
6340;1.97946
6341;1.98153
6342;1.97988
6343;1.9781
6344;1.97647
6345;1.97741
6346;1.98746
6347;1.98656
6348;1.98796
6349;1.98562
6350;1.98429
6351;1.97442
6352;1.97015
6353;1.99155
6354;1.9942
6355;1.99401
6356;1.98852
6357;1.98736
6358;1.98782
6359;1.98749
6360;1.98774
6361;1.98813
6362;1.98834
6363;1.98746
6364;1.98812
6365;1.98856
6366;1.98855
6367;1.98733
6368;1.98876
6369;1.99075
6370;1.99147
6371;1.98803
6372;1.98592
6373;1.98234
6374;1.97594
6375;1.97943
6376;1.96242
6377;1.84333
6378;1.91307
6379;1.88882
6380;1.88439
6381;1.91211
6382;1.93583
6383;1.94934
6384;1.9477
6385;1.94843
6386;1.94775
6387;1.94851
6388;1.94993
6389;1.95155
6390;1.95488
6391;1.95661
6392;1.95832
6393;1.95914
6394;1.95949
6395;1.96062
6396;1.96223
6397;1.96513
6398;1.96806
6399;1.9738
6400;1.97348
6401;1.97368
6402;1.97552
6403;1.97875
6404;1.98441
6405;1.98694
6406;1.99029
6407;1.99104
6408;1.98976
6409;1.98443
6410;2.00899
6411;2.01058
6412;1.99529
6413;1.99412
6414;1.99468
6415;1.99667
6416;2.00022
6417;2.00206
6418;2.00417
6419;2.00618
6420;2.01003
6421;2.01242
6422;2.01437
6423;2.01705
6424;2.0185
6425;2.01161
6426;2.01372
6427;2.01386
6428;2.01472
6429;2.01555
6430;2.0208
6431;2.03278
6432;2.03481
6433;2.0324
6434;2.03529
6435;2.03652
6436;2.03921
6437;2.04024
6438;2.04618
6439;2.04961
6440;2.05257
6441;2.05476
6442;2.05698
6443;2.05847
6444;2.06143
6445;2.0641
6446;2.06309
6447;2.06644
6448;2.06794
6449;2.06518
6450;2.06763
6451;2.07164
6452;2.07862
6453;2.09033
6454;2.09624
6455;2.12645
6456;2.13657
6457;2.1392
6458;2.14147
6459;2.14285
6460;2.14527
6461;2.14727
6462;2.14804
6463;2.14962
6464;2.15163
6465;2.15231
6466;2.15337
6467;2.15488
6468;2.15692
6469;2.15745
6470;2.15975
6471;2.16096
6472;2.16225
6473;2.16218
6474;2.163
6475;2.16287
6476;2.16713
6477;2.16822
6478;2.16992
6479;2.17103
6480;2.17303
6481;2.17418
6482;2.1753
6483;2.17624
6484;2.17702
6485;2.17806
6486;2.17961
6487;2.18024
6488;2.18226
6489;2.18218
6490;2.18407
6491;2.18486
6492;2.18634
6493;2.1878
6494;2.18816
6495;2.18914
6496;2.19021
6497;2.19092
6498;2.19227
6499;2.19244
6500;2.19453
6501;2.19536
6502;2.19641
6503;2.19648
6504;2.19708
6505;2.19696
6506;2.19932
6507;2.20088
6508;2.20261
6509;2.20354
6510;2.20519
6511;2.20614
6512;2.20721
6513;2.20812
6514;2.2088
6515;2.20972
6516;2.21093
6517;2.21174
6518;2.21319
6519;2.21407
6520;2.21583
6521;2.21699
6522;2.2182
6523;2.21914
6524;2.21992
6525;2.22069
6526;2.2218
6527;2.22242
6528;2.22359
6529;2.22435
6530;2.22597
6531;2.22696
6532;2.22792
6533;2.22888
6534;2.2296
6535;2.22989
6536;2.2315
6537;2.2324
6538;2.23411
6539;2.23577
6540;2.23618
6541;2.23772
6542;2.23818
6543;2.24041
6544;2.24079
6545;2.23939
6546;2.23906
6547;2.23954
6548;2.24328
6549;2.24493
6550;2.24829
6551;2.24926
6552;2.25126
6553;2.25238
6554;2.25329
6555;2.254
6556;2.2555
6557;2.25633
6558;2.25772
6559;2.25909
6560;2.26052
6561;2.26165
6562;2.26279
6563;2.26392
6564;2.26456
6565;2.26544
6566;2.26693
6567;2.26807
6568;2.2694
6569;2.27032
6570;2.27225
6571;2.27323
6572;2.27464
6573;2.27383
6574;2.27179
6575;2.27591
6576;2.27657
6577;2.27955
6578;2.28105
6579;2.28197
6580;2.28354
6581;2.28438
6582;2.28568
6583;2.28644
6584;2.28743
6585;2.28788
6586;2.28962
6587;2.29046
6588;2.2918
6589;2.29264
6590;2.29466
6591;2.29558
6592;2.2969
6593;2.29802
6594;2.29842
6595;2.29968
6596;2.30094
6597;2.30166
6598;2.30309
6599;2.30382
6600;2.30556
6601;2.3067
6602;2.30757
6603;2.3086
6604;2.30923
6605;2.31004
6606;2.31151
6607;2.31213
6608;2.31289
6609;2.3141
6610;2.31608
6611;2.31678
6612;2.31808
6613;2.31894
6614;2.31961
6615;2.32025
6616;2.3214
6617;2.32213
6618;2.32311
6619;2.32383
6620;2.32565
6621;2.32647
6622;2.32777
6623;2.32856
6624;2.32908
6625;2.32996
6626;2.33118
6627;2.33191
6628;2.33316
6629;2.33406
6630;2.33568
6631;2.33681
6632;2.33775
6633;2.33884
6634;2.33954
6635;2.34017
6636;2.34153
6637;2.34267
6638;2.34383
6639;2.34489
6640;2.34673
6641;2.34792
6642;2.34903
6643;2.34953
6644;2.35002
6645;2.34965
6646;2.35065
6647;2.35157
6648;2.35291
6649;2.35441
6650;2.35498
6651;2.35564
6652;2.35653
6653;2.35731
6654;2.35779
6655;2.35826
6656;2.35939
6657;2.35967
6658;2.36078
6659;2.36128
6660;2.36263
6661;2.36343
6662;2.36436
6663;2.36487
6664;2.36419
6665;2.36516
6666;2.36609
6667;2.36751
6668;2.36833
6669;2.36843
6670;2.37009
6671;2.37048
6672;2.37141
6673;2.37215
6674;2.37224
6675;2.37255
6676;2.37303
6677;2.37316
6678;2.37389
6679;2.37419
6680;2.37508
6681;2.37569
6682;2.37591
6683;2.37557
6684;2.37622
6685;2.37659
6686;2.37627
6687;2.37724
6688;2.37762
6689;2.37896
6690;2.37914
6691;2.3794
6692;2.37994
6693;2.38033
6694;2.38007
6695;2.38004
6696;2.38074
6697;2.38081
6698;2.38138
6699;2.38126
6700;2.38217
6701;2.38245
6702;2.38243
6703;2.3829
6704;2.38256
6705;2.38246
6706;2.38285
6707;2.38308
6708;2.38347
6709;2.38365
6710;2.38451
6711;2.38472
6712;2.38489
6713;2.38556
6714;2.38507
6715;2.38481
6716;2.38516
6717;2.38525
6718;2.38546
6719;2.38551
6720;2.38629
6721;2.38627
6722;2.38644
6723;2.38635
6724;2.38579
6725;2.38538
6726;2.38578
6727;2.38511
6728;2.38546
6729;2.38523
6730;2.38621
6731;2.38611
6732;2.38625
6733;2.38568
6734;2.38541
6735;2.38574
6736;2.38599
6737;2.38591
6738;2.38601
6739;2.38551
6740;2.3862
6741;2.38602
6742;2.38624
6743;2.38582
6744;2.38531
6745;2.38518
6746;2.38514
6747;2.38432
6748;2.38474
6749;2.38445
6750;2.38485
6751;2.3847
6752;2.38513
6753;2.38497
6754;2.3842
6755;2.38384
6756;2.38397
6757;2.38361
6758;2.38376
6759;2.38318
6760;2.38374
6761;2.38341
6762;2.38302
6763;2.38222
6764;2.38217
6765;2.38171
6766;2.38272
6767;2.38128
6768;2.3813
6769;2.38082
6770;2.38132
6771;2.38138
6772;2.38116
6773;2.38123
6774;2.3806
6775;2.38037
6776;2.38062
6777;2.3803
6778;2.38058
6779;2.38021
6780;2.38106
6781;2.38098
6782;2.38038
6783;2.37974
6784;2.37946
6785;2.3789
6786;2.37864
6787;2.37778
6788;2.37728
6789;2.37777
6790;2.37858
6791;2.37856
6792;2.37819
6793;2.37801
6794;2.37741
6795;2.37714
6796;2.37702
6797;2.3769
6798;2.3769
6799;2.37638
6800;2.37606
6801;2.37647
6802;2.37627
6803;2.37563
6804;2.37523
6805;2.37479
6806;2.37494
6807;2.37473
6808;2.37474
6809;2.37413
6810;2.37464
6811;2.37429
6812;2.37403
6813;2.37371
6814;2.37301
6815;2.37238
6816;2.37258
6817;2.37229
6818;2.37226
6819;2.37149
6820;2.37229
6821;2.37228
6822;2.37213
6823;2.37083
6824;2.3706
6825;2.36998
6826;2.36955
6827;2.36851
6828;2.36853
6829;2.36862
6830;2.36797
6831;2.36755
6832;2.36717
6833;2.36655
6834;2.36559
6835;2.36495
6836;2.36478
6837;2.36384
6838;2.36362
6839;2.36293
6840;2.36329
6841;2.36272
6842;2.36215
6843;2.36032
6844;2.36014
6845;2.35806
6846;2.35918
6847;2.35856
6848;2.3582
6849;2.3577
6850;2.35786
6851;2.35733
6852;2.35702
6853;2.35656
6854;2.35583
6855;2.35493
6856;2.35438
6857;2.35411
6858;2.35397
6859;2.35382
6860;2.35459
6861;2.35419
6862;2.35364
6863;2.35308
6864;2.35227
6865;2.35149
6866;2.35154
6867;2.35081
6868;2.35068
6869;2.34992
6870;2.35002
6871;2.3495
6872;2.34946
6873;2.34897
6874;2.34856
6875;2.34801
6876;2.34766
6877;2.3472
6878;2.34728
6879;2.34667
6880;2.34687
6881;2.34606
6882;2.34597
6883;2.34552
6884;2.34517
6885;2.34408
6886;2.3435
6887;2.34282
6888;2.34263
6889;2.34192
6890;2.34264
6891;2.34166
6892;2.34142
6893;2.34005
6894;2.33969
6895;2.33879
6896;2.33844
6897;2.33769
6898;2.33758
6899;2.33753
6900;2.33684
6901;2.33699
6902;2.33624
6903;2.33547
6904;2.33468
6905;2.33393
6906;2.33365
6907;2.33306
6908;2.33266
6909;2.33216
6910;2.33248
6911;2.33204
6912;2.33139
6913;2.3313
6914;2.33046
6915;2.32997
6916;2.33014
6917;2.32933
6918;2.329
6919;2.32807
6920;2.32802
6921;2.32658
6922;2.32647
6923;2.32556
6924;2.32461
6925;2.32353
6926;2.32253
6927;2.32122
6928;2.32038
6929;2.31837
6930;2.31763
6931;2.31604
6932;2.31507
6933;2.3139
6934;2.31249
6935;2.3114
6936;2.31074
6937;2.30971
6938;2.30862
6939;2.30731
6940;2.30654
6941;2.30507
6942;2.30415
6943;2.30389
6944;2.30307
6945;2.3019
6946;2.30128
6947;2.30044
6948;2.30044
6949;2.30038
6950;2.30159
6951;2.30142
6952;2.30109
6953;2.30025
6954;2.29936
6955;2.29911
6956;2.29875
6957;2.29678
6958;2.29622
6959;2.29503
6960;2.29408
6961;2.29336
6962;2.29245
6963;2.29233
6964;2.29142
6965;2.28992
6966;2.28855
6967;2.28782
6968;2.28956
6969;2.28897
6970;2.28909
6971;2.2885
6972;2.28844
6973;2.28804
6974;2.28714
6975;2.28684
6976;2.28668
6977;2.28644
6978;2.2865
6979;2.2853
6980;2.2859
6981;2.28584
6982;2.28435
6983;2.28433
6984;2.28329
6985;2.28235
6986;2.28221
6987;2.28176
6988;2.28134
6989;2.2804
6990;2.28122
6991;2.28152
6992;2.28208
6993;2.28236
6994;2.28251
6995;2.28285
6996;2.28376
6997;2.28372
6998;2.28353
6999;2.28263
7000;2.28239
7001;2.28174
7002;2.2809
7003;2.28016
7004;2.27894
7005;2.27822
7006;2.27774
7007;2.27605
7008;2.27519
7009;2.27464
7010;2.27471
7011;2.27366
7012;2.27223
7013;2.27145
7014;2.27005
7015;2.26892
7016;2.26869
7017;2.26772
7018;2.26709
7019;2.26553
7020;2.26425
7021;2.26177
7022;2.25934
7023;2.25698
7024;2.25419
7025;2.25204
7026;2.25057
7027;2.24934
7028;2.24944
7029;2.24811
7030;2.24824
7031;2.24641
7032;2.24614
7033;2.24274
7034;2.22846
7035;2.18489
7036;2.11181
7037;1.94884
7038;2.01981
7039;1.85263
7040;1.89077
7041;1.88045
7042;1.84696
7043;1.84875
7044;1.78028
7045;1.75939
7046;1.82338
7047;1.84545
7048;1.78228
7049;1.83859
7050;1.78965
7051;1.84514
7052;1.82984
7053;1.88245
7054;1.84372
7055;1.88872
7056;1.87842
7057;1.86902
7058;1.86698
7059;1.84219
7060;1.84098
7061;1.84073
7062;1.8126
7063;1.82658
7064;1.80371
7065;1.85503
7066;1.83669
7067;1.83108
7068;1.77684
7069;1.84585
7070;1.81683
7071;1.81661
7072;1.85656
7073;1.8378
7074;1.82573
7075;1.78231
7076;1.79969
7077;1.77767
7078;1.85036
7079;1.79945
7080;1.77493
7081;1.80958
7082;1.8357
7083;1.84175
7084;1.8547
7085;1.84731
7086;1.84684
7087;1.84771
7088;1.84817
7089;1.84583
7090;1.84823
7091;1.84668
7092;1.8071
7093;1.82816
7094;1.76479
7095;1.78461
7096;1.81096
7097;1.80975
7098;1.80768
7099;1.80559
7100;1.80617
7101;1.80485
7102;1.80518
7103;1.80344
7104;1.8029
7105;1.79929
7106;1.79764
7107;1.79938
7108;1.79853
7109;1.79509
7110;1.80265
7111;1.79331
7112;1.90441
7113;1.76973
7114;1.76612
7115;1.77595
7116;1.77706
7117;1.77754
7118;1.77298
7119;1.77183
7120;1.77331
7121;1.76907
7122;1.76659
7123;1.76684
7124;1.76677
7125;1.76763
7126;1.76421
7127;1.76433
7128;1.76424
7129;1.76175
7130;1.76365
7131;1.76036
7132;1.76039
7133;1.76484
7134;1.76274
7135;1.7566
7136;1.75827
7137;1.76001
7138;1.76412
7139;1.7741
7140;1.75477
7141;1.75427
7142;1.75285
7143;1.75301
7144;1.75069
7145;1.75018
7146;1.7469
7147;1.74733
7148;1.74608
7149;1.74348
7150;1.7556
7151;1.74052
7152;1.73944
7153;1.74039
7154;1.73689
7155;1.73652
7156;1.73783
7157;1.7362
7158;1.73356
7159;1.73184
7160;1.73794
7161;1.75611
7162;1.74061
7163;1.73719
7164;1.73548
7165;1.73444
7166;1.73391
7167;1.7366
7168;1.7311
7169;1.73036
7170;1.72989
7171;1.72375
7172;1.72585
7173;1.72185
7174;1.7181
7175;1.71357
7176;1.64083
7177;1.5901
7178;1.63548
7179;1.63831
7180;1.62937
7181;1.61454
7182;1.58603
7183;1.57724
7184;1.44699
7185;1.43425
7186;1.43219
7187;1.42647
7188;1.48047
7189;1.49956
7190;1.49074
7191;1.4694
7192;1.48199
7193;1.48908
7194;1.50216
7195;1.50924
7196;1.48387
7197;1.47214
7198;1.46209
7199;1.42166
7200;1.42978
7201;1.4186
7202;1.45536
7203;1.46758
7204;1.46793
7205;1.47038
7206;1.49749
7207;1.46511
7208;1.53134
7209;1.52647
7210;1.53054
7211;1.52218
7212;1.5141
7213;1.49144
7214;1.48495
7215;1.49202
7216;1.42399
7217;1.44145
7218;1.43915
7219;1.43537
7220;1.44468
7221;1.3484
7222;1.40617
7223;1.50836
7224;1.5155
7225;1.51324
7226;1.50685
7227;1.51476
7228;1.50612
7229;1.50098
7230;1.50783
7231;1.47962
7232;1.48859
7233;1.48806
7234;1.47604
7235;1.48958
7236;1.49299
7237;1.48756
7238;1.45988
7239;1.47202
7240;1.47662
7241;1.47238
7242;1.45114
7243;1.45134
7244;1.46195
7245;1.45646
7246;1.44769
7247;1.44265
7248;1.43158
7249;1.43665
7250;1.4306
7251;1.42649
7252;1.42352
7253;1.42405
7254;1.42459
7255;1.42395
7256;1.42715
7257;1.43619
7258;1.43732
7259;1.43373
7260;1.42964
7261;1.41844
7262;1.41993
7263;1.41023
7264;1.43392
7265;1.43625
7266;1.43243
7267;1.43368
7268;1.42903
7269;1.41408
7270;1.42006
7271;1.41476
7272;1.39962
7273;1.44246
7274;1.4405
7275;1.41828
7276;1.4095
7277;1.40136
7278;1.40356
7279;1.40822
7280;1.41224
7281;1.40895
7282;1.40963
7283;1.4007
7284;1.40998
7285;1.41108
7286;1.40086
7287;1.41347
7288;1.40943
7289;1.40541
7290;1.40379
7291;1.40288
7292;1.39895
7293;1.39551
7294;1.33461
7295;1.39642
7296;1.40755
7297;1.40936
7298;1.41982
7299;1.42248
7300;1.43153
7301;1.43982
7302;1.45907
7303;1.462
7304;1.38216
7305;1.46086
7306;1.44924
7307;1.43378
7308;1.4358
7309;1.44952
7310;1.45313
7311;1.44803
7312;1.44404
7313;1.43891
7314;1.43946
7315;1.45182
7316;1.44869
7317;1.46729
7318;1.45783
7319;1.45948
7320;1.45691
7321;1.44858
7322;1.44337
7323;1.44049
7324;1.43613
7325;1.40435
7326;1.35659
7327;1.46773
7328;1.44983
7329;1.42857
7330;1.43042
7331;1.43468
7332;1.44864
7333;1.45264
7334;1.42468
7335;1.41038
7336;1.39861
7337;1.4457
7338;1.43761
7339;1.43587
7340;1.41831
7341;1.43518
7342;1.39261
7343;1.38822
7344;1.38315
7345;1.37116
7346;1.38308
7347;1.35877
7348;1.36182
7349;1.38094
7350;1.387
7351;1.39137
7352;1.3999
7353;1.39866
7354;1.40646
7355;1.40723
7356;1.39805
7357;1.39497
7358;1.3755
7359;1.38338
7360;1.38163
7361;1.38291
7362;1.38946
7363;1.37739
7364;1.36281
7365;1.34789
7366;1.35349
7367;1.39693
7368;1.45214
7369;1.51544
7370;1.39861
7371;1.38714
7372;1.39065
7373;1.39815
7374;1.3955
7375;1.39908
7376;1.39417
7377;1.41413
7378;1.4257
7379;1.4247
7380;1.32203
7381;1.44707
7382;1.39866
7383;1.39946
7384;1.44411
7385;1.40091
7386;1.44355
7387;1.44986
7388;1.37409
7389;1.36067
7390;1.34043
7391;1.32288
7392;1.33918
7393;1.36014
7394;1.35261
7395;1.35485
7396;1.37156
7397;1.35775
7398;1.3762
7399;1.3555
7400;1.35516
7401;1.33174
7402;1.28443
7403;1.293
7404;1.27842
7405;1.29122
7406;1.2563
7407;1.29829
7408;1.35071
7409;1.36951
7410;1.37393
7411;1.37315
7412;1.3685
7413;1.38671
7414;1.43007
7415;1.42357
7416;1.38794
7417;1.39011
7418;1.37495
7419;1.37026
7420;1.36069
7421;1.36959
7422;1.35721
7423;1.37526
7424;1.39375
7425;1.3895
7426;1.36935
7427;1.38246
7428;1.3885
7429;1.38755
7430;1.42655
7431;1.41919
7432;1.37862
7433;1.41408
7434;1.40085
7435;1.41825
7436;1.41836
7437;1.39245
7438;1.28525
7439;1.29306
7440;1.24794
7441;1.38458
7442;1.39205
7443;1.40386
7444;1.36188
7445;1.36739
7446;1.36781
7447;1.37504
7448;1.38823
7449;1.38973
7450;1.3821
7451;1.37151
7452;1.38312
7453;1.38347
7454;1.38241
7455;1.38441
7456;1.3828
7457;1.38815
7458;1.39811
7459;1.38721
7460;1.39626
7461;1.38934
7462;1.40817
7463;1.39488
7464;1.38089
7465;1.38525
7466;1.37742
7467;1.38214
7468;1.3753
7469;1.35372
7470;1.36626
7471;1.35868
7472;1.368
7473;1.37509
7474;1.36846
7475;1.3826
