2.85495
2.8555
2.8541
2.85615
2.84895
2.84491
2.84653
2.85635
2.86014
2.86454
2.8689
2.87232
2.86899
2.85414
2.85198
2.85587
2.8569
2.8579
2.85276
2.85363
2.86286
2.86223
2.85887
2.85604
2.86295
2.8664
2.86589
2.86736
2.86733
2.86799
2.86833
2.86811
2.86919
2.86858
2.86799
2.86765
2.86798
2.87081
2.8705
2.87034
2.87032
2.86995
2.86971
2.8699
2.87025
2.87033
2.87123
2.87231
2.87251
2.87259
2.87149
2.87309
2.87309
2.87267
2.87226
2.87186
2.87259
2.87329
2.87296
2.87389
2.87339
2.8737
2.87299
2.87273
2.87282
2.87227
2.87358
2.87311
2.87331
2.87407
2.87395
2.87517
2.87486
2.87551
2.87413
2.87513
2.87577
2.87699
2.87662
2.87708
2.87708
2.87711
2.87718
2.87766
2.87805
2.87846
2.88004
2.88027
2.8809
2.88148
2.88198
2.88229
2.88169
2.88129
2.88178
2.88176
2.88217
2.88237
2.88113
2.88061
2.87926
2.87856
2.87762
2.87638
2.87658
2.87682
2.87701
2.87808
2.87812
2.87799
2.87753
2.87847
2.87769
2.87771
2.87849
2.87703
2.87623
2.875
2.8731
2.87283
2.8762
2.87704
2.87974
2.87588
2.87576
2.87467
2.87447
2.8745
2.87387
2.87398
2.8733
2.87358
2.87267
2.87268
2.87281
2.87251
2.87321
2.87336
2.87258
2.87281
2.87133
2.87292
2.87173
2.87261
2.87237
2.8718
2.87213
2.87267
2.87271
2.87373
2.87297
2.87362
2.87257
2.87349
2.87258
2.87295
2.87388
2.87347
2.87296
2.87348
2.87278
2.8729
2.87262
2.87177
2.87204
2.87111
2.87143
2.87172
2.87075
2.87174
2.87195
2.87301
2.87319
2.87327
2.87251
2.87288
2.87331
2.87347
2.87337
2.87379
2.874
2.87366
2.87354
2.87406
2.87413
2.87402
2.87476
2.8753
2.87645
2.87461
2.87336
2.87414
2.87275
2.87351
2.87063
2.86631
2.86511
2.86573
2.86363
2.86475
2.86607
2.87429
2.8758
2.88086
2.88362
2.88717
2.88914
2.89039
2.89111
2.89189
2.89119
2.89071
2.88963
2.88864
2.88771
2.88956
2.88956
2.89028
2.89028
2.89116
2.89147
2.89315
2.8944
2.89806
2.90243
2.90758
2.90865
2.90935
2.91056
2.90947
2.90781
2.90468
2.90104
2.89905
2.89794
2.89821
2.90077
2.90239
2.90547
2.90664
2.90575
2.90578
2.90577
2.90598
2.90615
2.90659
2.90843
2.90984
2.91029
2.91078
2.91133
2.91208
2.90975
2.90992
2.91103
2.9128
2.91348
2.91328
2.9139
2.9143
2.91435
2.91502
2.91586
2.91797
2.92136
2.92575
2.92854
2.92958
2.92854
2.92742
2.92161
2.91641
2.91455
2.91654
2.92127
2.92441
2.9302
2.93385
2.93417
2.93525
2.9341
2.93463
2.93466
2.93642
2.93952
2.94188
2.94515
2.94734
2.9485
2.95009
2.95134
2.95308
2.95552
2.95986
2.96645
2.97122
2.97367
2.97484
2.97303
2.97213
2.97164
2.97178
2.97229
2.97713
2.98005
2.98332
2.98612
2.9917
2.99757
3.00023
2.9985
2.99486
2.9863
2.97904
2.97292
2.96522
2.95917
2.95779
2.9588
2.96375
2.96948
2.97262
2.97239
2.97147
2.9672
2.96088
2.95552
2.95071
2.94746
2.945
2.94391
2.94243
2.94072
2.93738
2.93854
2.93812
2.93426
2.93319
2.93375
2.9337
2.93518
2.93641
2.93677
2.93653
2.93547
2.9354
2.94066
2.9412
2.94104
2.94237
2.94483
2.94694
2.94808
2.94832
2.94921
2.95169
2.953
2.95361
2.95304
2.95185
2.9511
2.95096
2.94999
2.94962
2.94984
2.95056
2.95054
2.95275
2.95406
2.95639
2.95917
2.96153
2.9639
2.96763
2.97255
2.97496
2.97652
2.97563
2.97685
2.97583
2.97673
2.97737
2.97785
2.97934
2.97976
2.98234
2.97904
2.97776
2.97585
2.97516
2.97401
2.9753
2.9767
2.97993
2.98145
2.98319
2.98437
2.98578
2.98555
2.98712
2.98997
2.9954
3.00134
3.00677
3.01194
3.01539
3.01838
3.01894
3.01694
3.0153
3.01371
3.01358
3.0135
3.01471
3.01926
3.0225
3.02421
3.02588
3.02634
3.02647
3.02737
3.02651
3.02662
3.02561
3.02556
3.02197
3.02026
3.01706
3.01556
3.01469
3.01469
3.01579
3.01663
3.0159
3.01608
3.01549
3.01543
3.01521
3.01361
3.01339
3.01231
3.01071
3.01181
3.01024
3.00989
3.00934
3.00533
3.00486
3.00238
3.00233
3.00018
3.00179
3.00256
3.00414
3.00539
3.00704
3.01018
3.0108
3.01414
3.01417
3.01367
3.01314
3.01019
3.00758
3.00614
3.00494
3.00246
3.00195
3.00187
3.002
3.00261
3.00291
3.00018
2.99913
2.99813
2.99691
2.9968
2.99794
2.99865
2.99549
2.99392
2.99099
2.98938
2.99048
2.99125
2.99443
2.99293
2.99339
2.99306
2.99439
2.99446
2.99751
2.99816
2.99792
3.00518
3.0082
3.01185
3.01223
3.00847
3.00373
2.99777
2.98975
2.98144
2.97651
2.97168
2.97139
2.97042
2.97062
2.96994
2.96989
2.9672
2.9648
2.96227
2.96036
2.96055
2.96136
2.96336
2.96592
2.96884
2.97096
2.97211
2.97157
2.97166
2.97429
2.97792
2.98428
2.99115
2.99893
3.00498
3.01182
3.01559
3.01904
3.0215
3.01921
3.02291
3.02383
3.02418
3.02493
3.02642
3.02618
3.02777
3.02878
3.02852
3.02776
3.02692
3.02789
3.02916
3.02977
3.03209
3.03291
3.03379
3.03625
3.03796
3.04002
3.0412
3.04214
3.04433
3.04662
3.04749
3.04791
3.04682
3.04643
3.04628
3.04493
3.04516
3.04609
3.04461
3.04258
3.04209
3.04261
3.04576
3.05086
3.05638
3.06266
3.0729
3.07736
3.08156
3.08487
3.0843
3.08489
3.08364
3.08226
3.0797
3.07735
3.075
3.07325
3.07214
3.07221
3.07367
3.07455
3.07718
3.07421
3.0727
3.06735
3.06652
3.06107
3.05747
3.05457
3.05309
3.05209
3.05473
3.05994
3.06386
3.06715
3.07119
3.07428
3.07657
3.07864
3.081
3.08342
3.08567
3.08694
3.08747
3.08863
3.08631
3.08434
3.08427
3.08474
3.08497
3.08573
3.0861
3.08714
3.08762
3.08579
3.08508
3.08253
3.08064
3.0789
3.07578
3.07392
3.07103
3.0693
3.06499
3.06179
3.05807
3.0551
3.05295
3.05418
3.05458
3.05536
3.05579
3.0558
3.05665
3.06226
3.06275
3.05959
3.05969
3.05975
3.06223
3.0644
3.06712
3.0695
3.06997
3.06946
3.06938
3.07083
3.07483
3.07529
3.07556
3.07631
3.07457
3.07506
3.07193
3.06511
3.06218
3.05762
3.05701
3.05558
3.05136
3.04933
3.04524
3.04144
3.03615
3.03409
3.03052
3.02616
3.02155
3.01913
3.01559
3.01632
3.01554
3.0153
3.01405
3.01223
3.01053
3.00986
3.01079
3.0144
3.01989
3.02457
3.02797
3.03003
3.03005
3.02886
3.02955
3.02828
3.0307
3.03264
3.03389
3.03511
3.03745
3.03748
3.03648
3.03541
3.03161
3.02558
3.0199
3.01573
3.01144
3.0091
3.00778
3.0073
3.00838
3.00833
3.00443
3.00171
2.99536
2.9894
2.98465
2.98241
2.98066
2.97669
2.97799
2.98003
2.98245
2.98383
2.98643
2.98929
2.99106
2.9931
2.99119
2.99643
2.98951
2.98281
2.98178
2.98243
2.98062
2.97624
2.97619
2.97526
2.976
2.97457
2.97231
2.97353
2.97454
2.97348
2.97569
2.97571
2.97347
2.97054
2.96929
2.97022
2.96727
2.96585
2.9661
2.96621
2.96557
2.96428
2.9603
2.95652
2.95407
2.95116
2.95032
2.95226
2.95285
2.95352
2.95806
2.96479
2.97017
2.97804
2.9851
2.99093
2.99176
2.9921
2.99351
2.99716
2.99981
3.00534
3.00859
3.01012
3.01103
3.01293
3.01374
3.01553
3.01994
3.02498
3.0292
3.03167
3.03307
3.03671
3.0376
3.03873
3.03969
3.04115
3.04153
3.04222
3.04417
3.04073
3.03875
3.03792
3.03439
3.02838
3.02181
3.01605
3.01562
3.01497
3.01562
3.01823
3.02162
3.02795
3.03291
3.0368
3.03658
3.03665
3.03361
3.02888
3.02381
3.01934
3.01391
3.01113
3.00848
3.00889
3.00719
3.0055
3.00473
3.00449
3.00688
3.01129
3.01307
3.01573
3.01581
3.01533
3.01616
3.0184
3.01892
3.02197
3.02515
3.02846
3.02922
3.03524
3.03941
3.0452
3.04844
3.05313
3.05464
3.0546
3.05601
3.05168
3.0463
3.04106
3.0349
3.03097
3.02937
3.03172
3.03619
3.03949
3.04332
3.04479
3.04725
3.05097
3.05471
3.05943
3.06266
3.06373
3.06504
3.06553
3.06527
3.06561
3.06778
3.07088
3.07303
3.07624
3.08008
3.08253
3.08579
3.08886
3.08918
3.08713
3.08335
3.07866
3.07139
3.0652
3.05808
3.05254
3.04912
3.04766
3.04847
3.0507
3.05295
3.0538
3.05453
3.05427
3.05387
3.04911
3.05099
3.04781
3.04765
3.04602
3.04531
3.04411
3.04397
3.04358
3.0429
3.04076
3.04083
3.03853
3.03559
3.03204
3.02801
3.0244
3.02012
3.01771
3.01717
3.01513
3.01381
3.01285
3.01231
3.012
3.0105
3.00809
3.00618
3.00466
3.00358
3.00187
3.00028
3.00008
3.00019
3.00073
3.00081
3.00213
3.00232
3.00279
3.00254
3.00139
3.00096
2.99893
2.99907
2.99725
2.9945
2.99157
2.9886
2.98667
2.98475
2.98366
2.98229
2.98265
2.98304
2.98476
2.98628
2.988
2.98879
2.98973
2.98922
2.98997
2.98919
2.98707
2.98531
2.98371
2.98
2.97954
2.97976
2.98044
2.97955
2.97989
2.98027
2.98071
2.98008
2.98195
2.98317
2.9867
2.9901
2.9927
2.99579
2.99667
2.9991
2.99941
3.00146
3.00251
3.00182
3.0039
3.00382
3.00581
3.00727
3.00791
3.00868
3.00725
3.00666
3.00635
3.00539
3.00377
3.00173
3.00119
2.99869
2.99903
2.99922
3.00083
3.0009
3.00214
3.00355
3.00557
3.00444
3.00522
3.00489
3.0058
3.00853
3.01
3.01303
3.01335
3.01388
3.01271
3.01154
3.01115
3.00676
3.00837
3.00709
3.00646
3.00541
3.00448
3.00309
3.00132
2.99875
2.99731
2.99492
2.99299
2.99247
2.9924
2.99227
2.99273
2.99193
2.99111
2.98925
2.98898
2.98591
2.98587
2.98549
2.9843
2.98394
2.98369
2.98205
2.98166
2.9798
2.97979
2.97792
2.97891
2.97812
2.97708
2.97781
2.97816
2.97903
2.9794
2.97881
2.97903
2.97902
2.97947
2.97919
2.97848
2.97853
2.97994
2.9803
2.98184
2.98202
2.98385
2.98348
2.98387
2.98366
2.98405
2.9853
2.98708
2.98699
2.98774
2.98733
2.98776
2.98729
2.98641
2.98719
2.9873
2.98654
2.98736
2.98745
2.98861
2.98957
2.99164
2.99686
2.99604
2.99658
2.99787
2.99863
3.00011
3.00092
3.00168
3.00072
3.00124
3.0007
3.00065
3.00117
3.00197
3.00163
3.00073
2.99833
2.99477
2.99118
2.98786
2.98518
2.98239
2.98407
2.98564
2.98604
2.98654
2.987
2.98805
2.98829
2.98811
2.9874
2.98313
2.9848
2.98327
2.98264
2.98246
2.98304
2.98473
2.98545
2.98532
2.98417
2.98358
2.98249
2.98221
2.98339
2.9833
2.9841
2.98536
2.98521
2.98716
2.98755
2.9873
2.98657
2.98565
2.98253
2.9807
2.97662
2.97348
2.97102
2.9694
2.97146
2.96667
2.96667
2.96698
2.96878
2.96933
2.97001
2.97059
2.97036
2.97194
2.97052
2.96996
2.97006
2.97
2.97009
2.96981
2.96945
2.97035
2.96933
2.96887
2.96795
2.96729
2.96808
2.96832
2.9698
2.97096
2.9716
2.97331
2.97313
2.97464
2.97242
2.97613
2.97901
2.97902
2.97965
2.98001
2.97935
2.97814
2.97712
2.97616
2.97606
2.97603
2.9759
2.97638
2.97793
2.97972
2.98087
2.98209
2.98441
2.98754
2.98612
2.99288
2.99551
2.99925
3.00218
3.00412
3.00646
3.00792
3.00759
3.00849
3.00877
3.01002
3.01079
3.01034
3.01139
3.01222
3.01139
3.01046
3.00813
3.00754
3.00482
3.00102
3.00052
2.99915
3.00075
3.00067
3.00159
3.00263
3.00285
3.00378
3.00387
3.00454
3.00679
3.00857
3.01083
3.01254
3.01434
3.01722
3.01819
3.02126
3.02498
3.02715
3.02956
3.03306
3.03649
3.03926
3.04073
3.04242
3.04329
3.04598
3.04651
3.04693
3.04769
3.04753
3.04558
3.0437
3.04042
3.03852
3.03546
3.03235
3.02834
3.02339
3.02407
3.02201
3.02161
3.01949
3.01745
3.01678
3.01625
3.01697
3.02
3.01937
3.02233
3.02647
3.03002
3.03224
3.03326
3.03412
3.03201
3.02801
3.0215
3.01476
3.00648
2.99971
2.99465
2.99134
2.99051
2.99094
2.98976
2.99013
2.98779
2.99046
2.99254
2.99455
2.99843
3.00323
3.00701
3.01213
3.01695
3.02001
3.02456
3.02923
3.03334
3.03726
3.04148
3.04296
3.0419
3.0417
3.04086
3.03997
3.03775
3.03761
3.04167
3.04833
3.05539
3.06333
3.07028
3.07697
3.08256
3.08854
3.09298
3.09416
3.09511
3.09389
3.0962
3.09795
3.09866
3.09936
3.09923
3.09958
3.0982
3.0982
3.09799
3.09745
3.09762
3.09857
3.09946
3.09898
3.09864
3.09745
3.09719
3.09554
3.09415
3.09388
3.09227
3.09252
3.09285
3.09242
3.09258
3.09351
3.09298
3.09186
3.09273
3.09268
3.09301
3.0928
3.09211
3.092
3.09168
3.09157
3.09147
3.09092
3.09168
3.09135
3.09183
3.09245
3.09203
3.0916
3.09133
3.0908
3.0897
3.09099
3.08805
3.08659
3.0857
3.08431
3.08357
3.08376
3.08317
3.08489
3.08327
3.08451
3.0846
3.08391
3.08504
3.08266
3.08432
3.08345
3.08305
3.08275
3.08129
3.08053
3.07936
3.07933
3.07797
3.07731
3.07739
3.07684
3.07755
3.07751
3.07785
3.07815
3.07888
3.07946
3.08054
3.08042
3.08037
3.08103
3.08201
3.08288
3.08206
3.08463
3.08624
3.0866
3.08873
3.08874
3.08988
3.09041
3.09113
3.09165
3.09171
3.09343
3.09424
3.09406
3.09577
3.09725
3.0961
3.09829
3.0984
3.09842
3.098
3.09936
3.09846
3.09781
3.0976
3.09783
3.098
3.09766
3.09801
3.09791
3.09779
3.09579
3.09712
3.09698
3.09669
3.09622
3.09599
3.09516
3.09468
3.09319
3.09333
3.09231
3.09239
3.09303
3.09323
3.0935
3.09349
3.09392
3.09351
3.09425
3.09392
3.09304
3.09284
3.09092
3.09027
3.09012
3.08765
3.08452
3.08362
3.08187
3.08003
3.07859
3.07733
3.07438
3.07364
3.07214
3.07181
3.07464
3.07474
3.07333
3.0708
3.06785
3.06333
3.06144
3.06059
3.05799
3.05582
3.05546
3.0527
3.05196
3.05093
3.04914
3.04857
3.04787
3.05135
3.05477
3.06012
3.06564
3.07083
3.07357
3.07449
3.07581
3.076
3.07529
3.07479
3.07311
3.0696
3.06944
3.06874
3.0719
3.07543
3.08119
3.08723
3.09293
3.09815
3.10068
3.10087
3.10129
3.10125
3.10148
3.10164
3.101
3.10083
3.10085
3.10092
3.10114
3.101
3.10129
3.10111
3.10195
3.10038
3.10448
3.10135
3.10049
3.1013
3.10188
3.10076
3.10148
3.10178
3.10239
3.10222
3.10216
3.10142
3.10207
3.10093
3.09974
3.09791
3.0964
3.09205
3.09378
3.09134
3.09219
3.094
3.09563
3.09659
3.0971
3.09739
3.098
3.09834
3.09807
3.09987
3.0987
3.09848
3.09793
3.09827
3.09834
3.09795
3.09771
3.09774
3.09767
3.09791
3.09723
3.09691
3.09697
3.09678
3.09865
3.09614
3.09649
3.09608
3.09677
3.09597
3.09496
3.09548
3.09286
3.09427
3.09531
3.09406
3.09474
3.09384
3.0936
3.09239
3.09272
3.09673
3.09097
3.0917
3.09142
3.09079
3.09023
3.09033
3.09021
3.08991
3.08983
3.08953
3.08944
3.08888
3.08933
3.0888
3.08866
3.08865
3.08742
3.08761
3.08736
3.08723
3.08975
3.08662
3.08757
3.0864
3.08655
3.08588
3.08489
3.08481
3.08447
3.08427
3.08338
3.08348
3.08426
3.08381
3.08358
3.083
3.0834
3.08212
3.08081
3.08191
3.08151
3.08276
3.08206
3.08199
3.08203
3.08193
3.08167
3.08103
3.0806
3.08059
3.08059
3.08104
3.08114
3.08119
3.08146
3.0803
3.08102
3.08014
3.08024
3.07956
3.07896
3.08046
3.08034
3.08018
3.07949
3.0802
3.08005
3.07971
3.07909
3.07916
3.07963
3.07891
3.07969
3.0789
3.0795
3.07814
3.08006
3.07902
3.07851
3.07849
3.07778
3.07851
3.07839
3.07834
3.07889
3.07836
3.07889
3.07842
3.0779
3.07881
3.0775
3.07861
3.07934
3.0781
3.07856
3.07841
3.07875
3.07841
3.07743
3.07807
3.07788
3.07811
3.07871
3.07814
3.07817
3.0777
3.0789
3.07829
3.07893
3.0784
3.07752
3.07782
3.07844
3.0777
3.07885
3.07862
3.07807
3.07792
3.07787
3.07752
3.078
3.07803
3.07801
3.07773
3.07901
3.07817
3.07744
3.07704
3.07694
3.07671
3.0764
3.07727
3.07771
3.07693
3.07694
3.07592
3.07579
3.07441
3.07349
3.07333
3.07361
3.07355
3.07381
3.07452
3.07442
3.07368
3.07308
3.07068
3.06714
3.06425
3.06238
3.06198
3.06054
3.05903
3.05913
3.058
3.05804
3.05627
3.05504
3.05321
3.05282
3.05253
3.05422
3.05565
3.05718
3.05728
3.05753
3.05676
3.0531
3.05049
3.04778
3.04461
3.04214
3.04211
3.04279
3.0438
3.04505
3.04555
3.04453
3.04367
3.0427
3.04326
3.04353
3.04268
3.0425
3.04268
3.04486
3.04635
3.04592
3.04634
3.04429
3.04381
3.04191
3.03967
3.03817
3.03546
3.03009
3.02197
3.01052
2.99757
2.98839
2.98506
2.98523
2.98648
2.99117
2.99727
3.00424
3.01216
3.01976
3.02796
3.03331
3.03677
3.03485
3.03054
3.02242
3.01306
3.00112
2.9881
2.97651
2.96612
2.95817
2.95211
2.95045
2.95032
2.95298
2.9589
2.9695
2.98607
3.00323
3.02065
3.03627
3.04626
3.05243
3.05593
3.05913
3.06027
3.05931
3.05924
3.05181
3.05086
3.04627
3.03801
3.03507
3.03349
3.03555
3.0375
3.03763
3.03989
3.03872
3.03811
3.03709
3.03629
3.03682
3.03584
3.03629
3.03503
3.03575
3.03509
3.03515
3.03571
3.03596
3.03612
3.03653
3.03292
3.02888
3.01954
3.00916
2.99659
2.98653
2.98288
2.98571
2.98672
2.98699
2.9848
2.97813
2.96688
2.95173
2.93435
2.91689
2.90994
2.90551
2.90934
2.91513
2.91981
2.92213
2.92803
2.93427
2.93446
2.93644
2.93748
2.93431
2.92935
2.92693
2.91929
2.90897
2.89378
2.87996
2.86762
2.85637
2.84858
2.84058
2.8356
2.82939
2.82768
2.82626
2.82512
2.82685
2.82544
2.82469
2.82627
2.8243
2.8253
2.8276
2.82653
2.83068
2.83605
2.84504
2.85265
2.86079
2.86822
2.8733
2.87514
2.87225
2.86699
2.86329
2.85654
2.8529
2.84089
2.83498
2.82959
2.82753
2.82868
2.82908
2.83335
2.84046
2.8468
2.85146
2.85519
2.85425
2.85362
2.85524
2.86137
2.87091
2.88252
2.89545
2.9059
2.91249
2.91351
2.9088
2.89845
2.88544
2.87365
2.86254
2.84884
2.84144
2.8359
2.83143
2.82409
2.82308
2.8176
2.8132
2.80371
2.79906
2.79904
2.80389
2.8102
2.81328
2.8158
2.82014
2.81962
2.82105
2.82346
2.82188
2.81221
2.80603
2.8017
2.79651
2.79325
2.78404
2.77944
2.77652
2.77357
2.77149
2.76899
2.76798
2.76623
2.76629
2.76401
2.76209
2.76387
2.76601
2.76774
2.76817
2.76741
2.76598
2.76594
2.76488
2.76485
2.76708
2.77083
2.77486
2.77957
2.78517
2.78766
2.79179
2.79631
2.80155
2.80246
2.8054
2.80521
2.80654
2.80732
2.80959
2.80848
2.81084
2.81592
2.81734
2.81823
2.81524
2.81514
2.81311
2.81431
2.81814
2.82353
2.83013
2.83863
2.8487
2.85563
2.86351
2.87116
2.87197
2.87744
2.87821
2.87479
2.86874
2.86287
2.85642
2.85005
2.84459
2.84109
2.83889
2.83805
2.83966
2.84156
2.84301
2.84713
2.85313
2.85852
2.86278
2.86767
2.86976
2.87212
2.86686
2.86163
2.85195
2.84322
2.83703
2.83222
2.83025
2.82683
2.82117
2.81529
2.81026
2.80375
2.79911
2.79371
2.78956
2.7828
2.77843
2.77531
2.77223
2.77113
2.76917
2.768
2.76679
2.76539
2.76355
2.76435
2.76627
2.76532
2.76555
2.7664
2.76441
2.76419
2.7654
2.76667
2.76894
2.77139
2.77208
2.77324
2.77243
2.76956
2.76714
2.76453
2.76434
2.7633
2.76129
2.76052
2.75793
2.75739
2.7587
2.75936
2.759
2.75815
2.75787
2.75742
2.75853
2.75785
2.75802
2.7573
2.75687
2.7556
2.75802
2.75975
2.76266
2.76378
2.76388
2.76212
2.76042
2.76083
2.75936
2.76014
2.76125
2.76182
2.76303
2.76291
2.76253
2.76169
2.76145
2.7623
2.76192
2.76234
2.76292
2.7625
2.76261
2.76473
2.76555
2.76548
2.76795
2.76812
2.76975
2.77003
2.7699
2.76813
2.7686
2.76638
2.76674
2.77178
2.77157
2.77168
2.77215
2.77184
2.77164
2.77032
2.76937
2.76905
2.76984
2.7732
2.76811
2.76667
2.76792
2.76809
2.76856
2.769
2.77007
2.7701
2.77207
2.77361
2.77202
2.76981
2.77301
2.77454
2.77288
2.77161
2.77115
2.77686
2.78109
2.78153
2.78198
2.78353
2.78112
2.78362
2.78761
2.78871
2.7912
2.79221
2.79542
2.79769
2.79969
2.80512
2.81221
2.81849
2.82632
2.83034
2.83226
2.83604
2.83527
2.83445
2.83583
2.83697
2.83821
2.83842
2.8388
2.84209
2.845
2.84475
2.84562
2.84515
2.84403
2.84443
2.84322
2.84283
2.8406
2.83824
2.83994
2.8387
2.83935
2.8394
2.83734
2.83916
2.84137
2.84391
2.84528
2.84817
2.85153
2.85042
2.85282
2.85244
2.85307
2.85327
2.8551
2.8573
2.85983
2.86387
2.86792
2.87153
2.87487
2.87647
2.88095
2.88588
2.89785
2.90541
2.91094
2.91277
2.91609
2.92324
2.93517
2.94652
2.96327
2.98104
2.99613
3.01006
3.02213
3.03113
3.03956
3.04454
3.04785
3.04862
3.04856
3.04883
3.05013
3.05432
3.0601
3.06343
3.06592
3.07046
3.07141
3.0727
3.07643
3.07906
3.07772
3.07335
3.06466
3.05268
3.03906
3.02454
3.01467
3.00463
2.99537
2.98834
2.98176
2.97759
2.97135
2.96537
2.96099
2.95464
2.94919
2.94307
2.93847
2.93306
2.92655
2.919
2.91353
2.90414
2.90066
2.89678
2.89607
2.89218
2.89207
2.89401
2.89551
2.89551
2.89769
2.89879
2.90118
2.90158
2.90133
2.90027
2.90039
2.89932
2.89962
2.89866
2.89943
2.9005
2.8994
2.89837
2.89748
2.89689
2.89804
2.89303
2.89244
2.89352
2.89114
2.8863
2.87655
2.80723
2.90687
2.92598
2.93659
2.94323
2.94854
2.95515
2.96228
2.96377
2.95274
2.94976
2.96502
2.97019
2.98383
2.99084
2.99396
3.00584
3.0162
3.02288
3.02729
3.0301
3.02776
3.03033
3.02941
3.026
3.02235
3.0179
3.01149
3.0061
3.00106
2.99399
2.99502
2.99198
2.98501
2.98429
2.97926
2.97772
2.97605
2.97478
2.97126
2.97351
2.97006
2.96653
2.95968
2.95348
2.94818
2.94273
2.93828
2.93561
2.93392
2.93204
2.93367
2.93294
2.9355
2.93499
2.9309
2.925
2.91684
2.90849
2.90232
2.89779
2.89475
2.89194
2.89014
2.88653
2.88158
2.8796
2.87635
2.87629
2.87534
2.8757
2.87743
2.88345
2.88385
2.88639
2.88788
2.88946
2.89083
2.89109
2.88991
2.89205
2.88645
2.89011
2.88942
2.88909
2.89323
2.89593
2.89906
2.9018
2.90777
2.90773
2.91439
2.91929
2.92551
2.9298
2.93313
2.93564
2.93749
2.93785
2.93924
2.94202
2.94019
2.9455
2.94921
2.95202
2.95447
2.95745
2.96247
2.96709
2.97153
2.97574
2.97907
2.9789
2.98041
2.97912
2.97473
2.96867
2.95734
2.94728
2.93772
2.9288
2.921
2.91725
2.91489
2.91068
2.90699
2.90405
2.89974
2.89615
2.89273
2.8902
2.88753
2.8853
2.88331
2.8815
2.87772
2.87652
2.8779
2.88043
2.88338
2.88917
2.8941
2.89804
2.89936
2.89598
2.89197
2.88775
2.8855
2.88516
2.88351
2.88101
2.87739
2.87847
2.87768
2.87759
2.87587
2.87858
2.87767
2.88099
2.88209
2.88561
2.8914
2.89367
2.89671
2.89727
2.89633
2.89496
2.89378
2.89593
2.89682
2.89778
2.90025
2.90146
2.90535
2.90873
2.90891
2.91033
2.91218
2.91228
2.91063
2.90942
2.91174
2.91615
2.92295
2.93277
2.94327
2.95433
2.96342
2.97126
2.97341
2.97606
2.97421
2.97587
2.97914
2.98022
2.98209
2.98415
2.98591
2.98507
2.98556
2.98718
2.98886
2.98908
2.98978
2.9879
2.98051
2.97694
2.96962
2.96173
2.95473
2.94835
2.94814
2.94745
2.94605
2.94646
2.94696
2.94966
2.9522
2.95719
2.96176
2.96582
2.97092
2.97367
2.9756
2.97642
2.97185
2.96732
2.96609
2.9714
2.98257
2.99012
3.00233
3.01215
3.02374
3.03356
3.03837
3.04025
3.03966
3.03572
3.02834
3.02064
3.01503
3.00944
3.00633
3.00312
3.00263
3.00409
3.00467
3.00827
3.01214
3.01749
3.0236
3.02789
3.03114
3.03329
3.03217
3.0327
3.03094
3.02862
3.02593
3.02331
3.02008
3.01604
3.00986
2.99949
2.9865
2.97472
2.96454
2.95663
2.95484
2.95578
2.95831
2.96054
2.96606
2.96755
2.96511
2.96264
2.95703
2.95096
2.94067
2.9281
2.91691
2.90611
2.90099
2.89583
2.89272
2.89147
2.89409
2.89749
2.90843
2.92533
2.94565
2.96949
2.99297
3.01409
3.02981
3.03874
3.0433
3.04462
3.04377
3.0396
3.03449
3.0263
3.0195
3.01449
3.01227
3.01342
3.01485
3.01799
3.01987
3.02123
3.01941
3.01002
2.99714
2.98343
2.9679
2.95336
2.93862
2.92989
2.92094
2.91666
2.91908
2.92431
2.93475
2.94961
2.97111
2.99782
3.02337
3.04764
3.06786
3.08516
3.09729
3.1054
3.1083
3.11007
3.10978
3.10941
3.10707
3.10434
3.1011
3.09726
3.09236
3.08697
3.08178
3.07624
3.07096
3.06991
3.0672
3.06356
3.05792
3.0545
3.05227
3.0515
3.05655
3.06279
3.068
3.0712
3.07222
3.07272
3.07225
3.07166
3.07109
3.07095
3.07007
3.06747
3.06317
3.05751
3.0427
3.01895
2.98554
2.94578
2.90634
2.87064
2.83612
2.81358
2.80039
2.79566
2.79078
2.78783
2.78389
2.78068
2.7765
2.77377
2.76891
2.7655
2.7612
2.75956
2.75662
2.7542
2.75164
2.74836
2.74715
2.74559
2.74453
2.74398
2.74209
2.74123
2.74091
2.74234
2.74162
2.74246
2.74491
2.74283
2.7483
2.75175
2.75585
2.76227
2.76922
2.77711
2.78304
2.79097
2.79658
2.80184
2.81077
2.82465
2.84584
2.87417
2.90529
2.93471
2.96129
2.9831
3.00215
3.0181
3.02865
3.0326
3.03715
3.0387
3.04009
3.04374
3.04877
3.05486
3.05744
3.06005
3.05989
3.05712
3.04975
3.03746
3.02673
3.0161
3.00447
2.99384
2.98372
2.97203
2.95733
2.9418
2.92234
2.90026
2.87179
2.83609
2.80208
2.7739
2.75216
2.73698
2.72788
2.71814
2.71108
2.70662
2.70262
2.69686
2.69014
2.681
2.67483
2.67139
2.66581
2.66112
2.65429
2.6495
2.64357
2.63979
2.63605
2.63158
2.62846
2.62674
2.62612
2.6262
2.62646
2.62617
2.62599
2.62679
2.62663
2.62689
2.62703
2.62732
2.62645
2.62678
2.6263
2.62624
2.62737
2.62717
2.62804
2.6286
2.63105
2.63365
2.63586
2.63795
2.64019
2.64313
2.64596
2.64982
2.65349
2.65732
2.66164
2.66699
2.67363
2.67918
2.68467
2.68988
2.69041
2.68653
2.6769
2.66753
2.66145
2.65674
2.65535
2.65496
2.6528
2.65307
2.65209
2.65321
2.64993
2.65391
2.65397
2.65553
2.65587
2.65771
2.65783
2.66374
2.66949
2.67656
2.68379
2.68968
2.69179
2.69164
2.68945
2.68886
2.68912
2.69413
2.70031
2.70782
2.71806
2.72434
2.72948
2.7298
2.72601
2.71608
2.70316
2.68649
2.66958
2.65988
2.65669
2.65388
2.65176
2.6485
2.64528
2.64169
2.63738
2.63473
2.63313
2.6314
2.62901
2.62693
2.62493
2.62266
2.62145
2.62039
2.61949
2.61894
2.61807
2.61745
2.61532
2.61726
2.61467
2.61418
2.6141
2.61282
2.6125
2.61243
2.6129
2.61177
2.61103
2.61045
2.61186
2.61249
2.61085
2.61212
2.61152
2.61183
2.6117
2.61209
2.6118
2.61211
2.61234
2.61267
2.61437
2.61345
2.61456
2.61523
2.61603
2.61628
2.61705
2.618
2.61889
2.61978
2.62096
2.62179
2.62293
2.62364
2.62472
2.62615
2.62627
2.62662
2.62631
2.62728
2.62784
2.62849
2.6309
2.63133
2.63128
2.63203
2.63254
2.6326
2.63328
2.63552
2.63502
2.63557
2.63598
2.63715
2.6372
2.63873
2.63889
2.64059
2.64092
2.64244
2.64426
2.64559
2.64668
2.64843
2.64953
2.65129
2.65192
2.65379
2.65561
2.65671
2.65856
2.6601
2.66194
2.66392
2.66569
2.66787
2.66921
2.67087
2.67322
2.67452
2.67641
2.67812
2.68007
2.68102
2.68272
2.68324
2.6818
2.68263
2.68108
2.68081
2.68016
2.67945
2.67893
2.67895
2.67798
2.67825
2.67898
2.67713
2.67995
2.67703
2.67689
2.67942
2.67726
2.67838
2.67807
2.67857
2.67816
2.67826
2.67882
2.67761
2.6795
2.67962
2.67984
2.6807
2.68093
2.68047
2.68164
2.68288
2.68348
2.68328
2.68362
2.6863
2.68575
2.6863
2.68694
2.68764
2.68839
2.68806
2.69001
2.69034
2.69169
2.69317
2.69345
2.69422
2.69486
2.6958
2.69649
2.6976
2.69805
2.69889
2.70009
2.70099
2.70183
2.70322
2.70341
2.70427
2.70518
2.70511
2.70648
2.70654
2.7081
2.70921
2.70971
2.71083
2.7116
2.71283
2.71297
2.71408
2.71533
2.71563
2.71299
2.71178
2.71216
2.71431
2.71908
2.71996
2.72142
2.71613
2.7077
2.71628
2.7218
2.72492
2.72587
2.72811
2.72958
2.73133
2.73205
2.7328
2.73293
2.73446
2.73608
2.73731
2.73851
2.74014
2.7404
2.74125
2.74255
2.74305
2.74383
2.74525
2.7461
2.74697
2.74861
2.74983
2.75076
2.75101
2.75318
2.75521
2.75519
2.75859
2.75937
2.76058
2.76088
2.76232
2.76104
2.75556
2.75961
2.76069
2.76257
2.76415
2.76279
2.75879
2.76131
2.7634
2.76327
2.7613
2.76111
2.75892
2.75956
2.76077
2.76157
2.76495
2.76573
2.76717
2.76897
2.76909
2.7685
2.77101
2.76898
2.77053
2.77211
2.77868
2.78226
2.78481
2.78561
2.78719
2.78812
2.79198
2.79039
2.79131
2.79371
2.79382
2.79415
2.79492
2.79615
2.7957
2.7962
2.79681
2.79761
2.79773
2.79939
2.79995
2.79992
2.80172
2.80246
2.80343
2.80265
2.80496
2.80462
2.80509
2.80641
2.80752
2.80857
2.8094
2.81004
2.81134
2.81143
2.8111
2.81237
2.81306
2.81391
2.81467
2.81411
2.81528
2.81484
2.81731
2.81766
2.81762
2.81856
2.81953
2.82018
2.82231
2.82187
2.82283
2.82229
2.82357
2.82354
2.82441
2.82518
2.82658
2.82785
2.82766
2.82762
2.82846
2.82964
2.83105
2.83078
2.83175
2.83233
2.83394
2.83455
2.83565
2.83616
2.83752
2.83842
2.83943
2.83959
2.84084
2.84226
2.84291
2.84293
2.84431
2.84505
2.84593
2.84559
2.84669
2.84679
2.84721
2.84675
2.84702
2.84781
2.8499
2.85004
2.84973
2.84973
2.85064
2.84992
2.84956
2.8504
2.84978
2.85008
2.85159
2.85164
2.85264
2.85142
2.85236
2.85297
2.85294
2.85403
2.85409
2.85519
2.85515
2.85551
2.85567
2.85619
2.85673
2.85361
2.85707
2.8584
2.85862
2.86011
2.86182
2.86079
2.86331
2.86468
2.8663
2.86701
2.86849
2.86969
2.87077
2.87316
2.87479
2.87739
2.87917
2.88173
2.88576
2.88891
2.89018
2.89079
2.89734
2.90136
2.90175
2.89902
2.89626
2.89092
2.88564
2.8805
2.87682
2.87468
2.87173
2.87017
2.86937
2.86742
2.86682
2.86623
2.86619
2.86508
2.8635
2.86381
2.86409
2.86299
2.86298
2.86212
2.86243
2.8607
2.86191
2.86151
2.86124
2.86108
2.86048
2.86169
2.86098
2.8605
2.86118
2.86097
2.86106
2.86078
2.86101
2.86052
2.86111
2.86264
2.86331
2.86359
2.86409
2.86352
2.86327
2.86356
2.86411
2.86327
2.86367
2.86397
2.86513
2.86409
2.86431
2.86365
2.86359
2.86423
2.86368
2.86397
2.8645
2.86313
2.86561
2.86542
2.86577
2.86614
2.86651
2.8655
2.86772
2.86615
2.86644
2.86641
2.8668
2.8678
2.86943
2.86904
2.86982
2.86949
2.86975
2.87029
2.87005
2.86945
2.87056
2.87028
2.87054
2.87061
2.8719
2.87057
2.871
2.87097
2.87079
2.8705
2.8696
2.86899
2.86917
2.86914
2.8693
2.86835
2.86634
2.86949
2.86937
2.87029
2.8714
2.87179
2.87327
2.87495
2.87631
2.87743
2.87796
2.87858
2.87899
2.88015
2.88133
2.88176
2.88224
2.88312
2.88492
2.88584
2.88754
2.88752
2.88969
2.89156
2.8945
2.89546
2.89863
2.90238
2.9069
2.90938
2.91091
2.91223
2.91197
2.91299
2.91348
2.91394
2.91575
2.91484
2.91553
2.91446
2.91862
2.92085
2.92213
2.92289
2.92353
2.92058
2.91793
2.91418
2.91113
2.90744
2.90692
2.90675
2.90719
2.90904
2.90999
2.91066
2.91167
2.91113
2.91277
2.91305
2.91389
2.91449
2.91566
2.91713
2.91863
2.91878
2.91986
2.92143
2.92319
2.92477
2.92668
2.92972
2.93191
2.93449
2.93677
2.9382
2.93966
2.94079
2.94064
2.94025
2.94032
2.94072
2.94144
2.94331
2.94535
2.94847
2.95175
2.95405
2.9563
2.95766
2.95737
2.95734
2.95644
2.95666
2.95601
2.95579
2.95545
2.95527
2.95444
2.95393
2.95058
2.95482
2.95552
2.95721
2.95943
2.95976
2.9619
2.9615
2.96448
2.96469
2.96596
2.9668
2.96742
2.96835
2.96859
2.96985
2.96913
2.9693
2.96844
2.96778
2.96791
2.96727
2.96661
2.96752
2.96857
2.96959
2.97227
2.97477
2.97696
2.97709
2.97712
2.97751
2.97723
2.97749
2.97693
2.97463
2.9745
2.97381
2.97456
2.97266
2.97579
2.97744
2.97581
2.97723
2.97818
2.97935
2.98099
2.98129
2.97998
2.97904
2.97706
2.97618
2.97564
2.97699
2.97758
2.97699
2.97697
2.97521
2.97479
2.97367
2.97285
2.97265
2.97264
2.9722
2.97072
2.96854
2.96524
2.96315
2.96123
2.95783
2.95497
2.95213
2.95025
2.94749
2.9459
2.94453
2.94411
2.94392
2.94411
2.94316
2.938
2.93908
2.93709
2.93748
2.93737
2.93657
2.93661
2.93534
2.93406
2.93234
2.93156
2.93072
2.92936
2.92822
2.92662
2.92382
2.92324
2.92041
2.92017
2.91878
2.9183
2.91821
2.91717
2.91728
2.91734
2.91758
2.9191
2.92103
2.92388
2.92659
2.92639
2.92583
2.92581
2.9261
2.92589
2.92528
2.92513
2.92493
2.92516
2.92639
2.92826
2.93136
2.93511
2.93988
2.94326
2.94357
2.94356
2.93965
2.93707
2.93504
2.93506
2.93376
2.93373
2.93268
2.93152
2.93059
2.92997
2.93055
2.9333
2.93595
2.94073
2.94438
2.94755
2.95044
2.95237
2.95427
2.95676
2.95818
2.95898
2.96168
2.96143
2.9608
2.96101
2.96287
2.96653
2.96974
2.97344
2.97573
2.97597
2.97504
2.97363
2.97351
2.97261
2.97299
2.97146
2.96753
2.96379
2.95746
2.9525
2.95288
2.95479
2.95732
2.96299
2.96669
2.97209
2.97385
2.97862
2.98251
2.98489
2.98872
2.9872
2.98826
2.98905
2.98666
2.98283
2.98002
2.9789
2.97768
2.97585
2.97724
2.9762
2.97502
2.97807
2.97896
2.97748
2.97204
2.97098
2.96955
2.96779
2.96658
2.96807
2.97001
2.97324
2.97283
2.97342
2.97395
2.97457
2.9737
2.97562
2.97657
2.97944
2.98224
2.98482
2.98676
2.98663
2.98642
2.98679
2.98725
2.98768
2.98687
2.98786
2.98906
2.99141
2.99458
2.99588
3.00045
3.00314
3.00617
3.01128
3.01428
3.01671
3.02222
3.02962
3.03793
3.04555
3.05122
3.05673
3.0605
3.06448
3.06276
3.06852
3.06934
3.07179
3.07503
3.07698
3.07651
3.07518
3.07232
3.06998
3.06766
3.06845
3.07082
3.07565
3.07943
3.08344
3.08448
3.08461
3.08176
3.07928
3.07666
3.07489
3.07304
3.07218
3.07242
3.07172
3.07125
3.07054
3.07028
3.0709
3.07087
3.07076
3.07049
3.07007
3.0697
3.06909
3.06731
3.0654
3.06235
3.06058
3.05891
3.058
3.05905
3.05888
3.05825
3.06117
3.06233
3.06302
3.06426
3.06544
3.06657
3.06887
3.07117
3.07276
3.07482
3.07736
3.07735
3.07811
3.07968
3.07979
3.08139
3.08414
3.08824
3.09152
3.09435
3.09471
3.0972
3.09695
3.09482
3.0943
3.09032
3.0881
3.08666
3.08591
3.08394
3.0817
3.08005
3.08007
3.07882
3.07958
3.07917
3.07742
3.07739
3.07339
3.07285
3.06907
3.06728
3.06538
3.06578
3.06613
3.06837
3.07046
3.07133
3.07336
3.06896
3.06685
3.06167
3.06094
3.06019
3.06317
3.06485
3.06737
3.07066
3.07271
3.07327
3.07165
3.0672
3.06301
3.05926
3.06029
3.06082
3.06257
3.06585
3.06774
3.07096
3.07198
3.07087
3.07004
3.06682
3.06669
3.06616
3.06729
3.06684
3.06286
3.06423
3.06149
3.05761
3.05684
3.05666
3.05576
3.05422
3.05405
3.05519
3.05741
3.05921
3.05901
3.05898
3.05941
3.05775
3.05605
3.05401
3.05194
3.04965
3.04731
3.04616
3.0473
3.04843
3.04872
3.04911
3.05057
3.05039
3.05051
3.04997
3.048
3.04586
3.0459
3.04539
3.04676
3.04774
3.04839
3.04935
3.05217
3.05585
3.05861
3.06086
3.06112
3.05891
3.05772
3.05727
3.05918
3.06184
3.06672
3.07139
3.07682
3.07975
3.08127
3.0822
3.0816
3.08109
3.08098
3.07731
3.07958
3.07994
3.07869
3.07852
3.07807
3.0781
3.07779
3.07955
3.08203
3.08245
3.08665
3.08257
3.08206
3.08123
3.08127
3.08045
3.07992
3.08196
3.08466
3.08502
3.08648
3.08559
3.08632
3.08513
3.08373
3.0825
3.08305
3.08332
3.08205
3.08288
3.08664
3.08107
3.08122
3.07867
3.07853
3.07868
3.07835
3.07885
3.07918
3.07802
3.0793
3.07878
3.07711
3.07552
3.07338
3.07135
3.07061
3.07011
3.0711
3.0708
3.06995
3.06963
3.0707
3.07099
3.07123
3.07137
3.07188
3.07223
3.07097
3.071
3.06618
3.0689
3.06766
3.0664
3.06544
3.06169
3.05957
3.0556
3.05255
3.04685
3.04044
3.0374
3.03634
3.03865
3.04205
3.04615
3.0507
3.05657
3.06198
3.06573
3.06854
3.07257
3.07513
3.07552
3.07683
3.07624
3.0773
3.07426
3.07125
3.06701
3.06233
3.05894
3.05766
3.0579
3.05668
3.05408
3.05153
3.0456
3.03974
3.03386
3.02973
3.02942
3.03142
3.03691
3.0397
3.04191
3.04231
3.03948
3.03318
3.02296
3.01267
3.00048
2.98968
2.98144
2.97713
2.97351
2.96899
2.96423
2.95983
2.95716
2.9568
2.95452
2.95167
2.9513
2.95286
2.95253
2.9551
2.95691
2.96142
2.96519
2.97091
2.97742
2.98658
2.99564
3.00976
3.02431
3.03709
3.04925
3.05929
3.06334
3.0665
3.06623
3.06272
3.05796
3.05484
3.04968
3.04248
3.03525
3.02808
3.0181
3.00859
2.99828
2.99072
2.98462
2.97725
2.96684
2.9563
2.94575
2.93618
2.92555
2.91973
2.91942
2.92188
2.92796
2.93723
2.94353
2.9462
2.94882
2.94876
2.95305
2.95601
2.96083
2.96593
2.96909
2.97062
2.97117
2.96988
2.96744
2.96223
2.96267
2.95979
2.95623
2.95241
2.94752
2.94565
2.9422
2.93872
2.93351
2.92919
2.92178
2.91683
2.91438
2.91413
2.91493
2.91617
2.9149
2.9134
2.91246
2.91316
2.91292
2.91368
2.91493
2.91456
2.91641
2.91881
2.91827
2.92184
2.92578
2.93051
2.93683
2.94398
2.94796
2.94892
2.94817
2.94669
2.94773
2.95245
2.95903
2.96695
2.97423
2.98189
2.99141
3.00471
3.01718
3.02766
3.03638
3.04406
3.04894
3.05139
3.04998
3.04879
3.04642
3.04471
3.04311
3.04358
3.0437
3.04361
3.04631
3.04911
3.05394
3.05764
3.06119
3.06167
3.0587
3.05344
3.04425
3.03412
3.0269
3.02324
3.02242
3.02304
3.0241
3.02583
3.02681
3.02757
3.0282
3.0332
3.03565
3.03966
3.04243
3.04519
3.04732
3.04897
3.05204
3.05307
3.05337
3.05214
3.04834
3.04401
3.03708
3.0329
3.02812
3.02829
3.02701
3.02814
3.0306
3.03125
3.02832
3.02669
3.02456
3.01981
3.01477
3.00926
3.00337
2.99962
2.99618
2.99738
2.99887
3.001
2.99895
2.99451
2.98838
2.98141
2.97699
2.97548
2.97518
2.97825
2.9829
2.98964
3.00105
3.01304
3.02614
3.03889
3.04771
3.05306
3.05517
3.05413
3.0474
3.03565
3.01914
2.99823
2.97723
2.96139
2.95228
2.94855
2.94886
2.95384
2.95965
2.95949
2.96149
2.95575
2.94707
2.9338
2.91923
2.90061
2.88423
2.87331
2.86752
2.86702
2.86725
2.8672
2.86411
2.85791
2.86082
2.86375
2.8688
2.87431
2.878
2.88034
2.88091
2.87803
2.87652
2.8774
2.8821
2.88812
2.89421
2.89577
2.88932
2.8763
2.85638
2.83521
2.81464
2.79918
2.79014
2.7834
2.77725
2.77291
2.7674
2.76352
2.75964
2.75763
2.75718
2.75627
2.75711
2.75857
2.75974
2.76077
2.75906
2.75812
2.75447
2.75075
2.74638
2.74324
2.74064
2.74016
2.73948
2.74223
2.74451
2.74625
2.74726
2.74672
2.74598
2.74488
2.74542
2.74641
2.74694
2.74892
2.7521
2.75469
2.75537
2.75519
2.75452
2.75153
2.75083
2.75074
2.75035
2.75094
2.7513
2.75424
2.75723
2.76071
2.76342
2.76639
2.76628
2.76571
2.75881
2.75767
2.75601
2.7574
2.75636
2.75625
2.76414
2.76785
2.77686
2.78144
2.78142
2.77593
2.76598
2.75794
2.74803
2.74043
2.73693
2.73462
2.73311
2.73418
2.73234
2.73213
2.73259
2.7348
2.73531
2.73773
2.73944
2.74094
2.74278
2.74352
2.74298
2.74322
2.74271
2.74404
2.74505
2.74185
2.7419
2.74163
2.73939
2.73889
2.73845
2.73906
2.73819
2.73641
2.73533
2.735
2.73538
2.73296
2.73262
2.73298
2.73116
2.72923
2.72794
2.7286
2.72839
2.7283
2.72813
2.72813
2.72685
2.725
2.72772
2.72806
2.7267
2.72804
2.72803
2.72676
2.72667
2.72552
2.72585
2.72634
2.72396
2.72487
2.72482
2.72618
2.72645
2.72797
2.7269
2.726
2.72496
2.72318
2.72254
2.7232
2.72176
2.72135
2.72128
2.72101
2.72108
2.71979
2.71868
2.71708
2.71725
2.7166
2.71665
2.71775
2.71289
2.71256
2.7109
2.71145
2.71339
2.71489
2.71462
2.71602
2.71621
2.7163
2.71631
2.71771
2.71789
2.71798
2.71792
2.718
2.71795
2.7217
2.72263
2.72576
2.72569
2.72856
2.73117
2.73785
2.73902
2.733
2.72575
2.72527
2.72739
2.72593
2.72302
2.72342
2.73119
2.74183
2.74491
2.74893
2.74323
2.73719
2.73349
2.72333
2.72147
2.72269
2.72594
2.73323
2.74596
2.75517
2.76054
2.76187
2.76095
2.7562
2.74889
2.74304
2.7378
2.73505
2.7338
2.73387
2.73348
2.73368
2.73301
2.73319
2.73256
2.73174
2.73156
2.73075
2.73049
2.73053
2.72985
2.7301
2.72977
2.73018
2.72952
2.72919
2.72888
2.72855
2.72877
2.72951
2.72947
2.72957
2.72928
2.73
2.72945
2.72924
2.72913
2.7301
2.73039
2.72927
2.73025
2.73094
2.7292
2.73174
2.73264
2.73184
2.73231
2.73243
2.73314
2.73442
2.7336
2.73434
2.73466
2.73511
2.73435
2.73496
2.73574
2.73628
2.7361
2.73603
2.73758
2.73755
2.73681
2.73835
2.73788
2.73854
2.73916
2.73972
2.73961
2.74066
2.74004
2.74125
2.74119
2.74163
2.74151
2.74165
2.74182
2.74361
2.74289
2.74334
2.74329
2.74418
2.74362
2.74443
2.74415
2.74402
2.74456
2.7452
2.74606
2.74653
2.74693
2.74761
2.74813
2.74846
2.749
2.74868
2.75004
2.75078
2.75022
2.7518
2.75238
2.75067
2.75364
2.75472
2.75478
2.7552
2.75568
2.75678
2.75679
2.75833
2.75926
2.76036
2.75991
2.76083
2.76078
2.76061
2.7618
2.76127
2.76155
2.76278
2.76196
2.76281
2.76362
2.76282
2.76322
2.76304
2.76508
2.76434
2.76545
2.76569
2.76571
2.76715
2.76657
2.76763
2.76671
2.76758
2.76822
2.76822
2.76904
2.76939
2.76963
2.76998
2.77068
2.77095
2.77342
2.77138
2.77132
2.77149
2.77181
2.77243
2.77165
2.77231
2.77238
2.77344
2.77308
2.77247
2.77305
2.77308
2.77408
2.77462
2.77529
2.77557
2.77561
2.77551
2.77561
2.77494
2.77515
2.77552
2.77694
2.77844
2.77677
2.77306
2.76756
2.76961
2.76387
2.77108
2.77535
2.77727
2.77899
2.77943
2.77964
2.78069
2.78143
2.78218
2.78184
2.78155
2.78276
2.78282
2.78328
2.78415
2.78384
2.78426
2.78461
2.78516
2.78432
2.78487
2.78537
2.78646
2.78593
2.78696
2.78747
2.78775
2.78797
2.78797
2.78793
2.78738
2.78885
2.78919
2.78942
2.78953
2.78986
2.79046
2.79026
2.79122
2.79103
2.79097
2.79139
2.79184
2.7924
2.79291
2.79303
2.7919
2.79383
2.79428
2.79342
2.79382
2.79454
2.79422
2.79511
2.79585
2.79514
2.79712
2.79642
2.79619
2.79588
2.79341
2.79317
2.79582
2.79617
2.79686
2.79699
2.79652
2.79818
2.799
2.79816
2.79792
2.79829
2.79835
2.79975
2.79926
2.79947
2.79993
2.79969
2.80078
2.79969
2.79977
2.80065
2.80037
2.80081
2.80086
2.80122
2.80216
2.80199
2.80254
2.80224
2.80286
2.8027
2.80221
2.80335
2.80533
2.80373
2.80465
2.80424
2.80535
2.80574
2.80528
2.80413
2.8056
2.80655
2.80652
2.80413
2.80483
2.80565
2.80663
2.80575
2.80554
2.80503
2.80451
2.80419
2.80181
2.80235
2.80269
2.80415
2.80563
2.80764
2.80895
2.80889
2.80847
2.80697
2.81011
2.81027
2.81121
2.81024
2.81056
2.81045
2.81027
2.81072
2.81106
2.81109
2.81246
2.81275
2.81232
2.81291
2.81331
2.81291
2.81232
2.81319
2.81306
2.81356
2.81399
2.81387
2.81407
2.81365
2.81462
2.81339
2.81472
2.81503
2.81479
2.81434
2.8148
2.81413
2.81501
2.81499
2.81617
2.81527
2.81449
2.81504
2.81515
2.81617
2.81621
2.81648
2.81724
2.81729
2.81642
2.81682
2.81652
2.81709
2.81709
2.81791
2.81863
2.81852
2.81875
2.81982
2.8193
2.81924
2.81935
2.81992
2.81963
2.82023
2.82055
2.82047
2.82099
2.82099
2.82088
2.82306
2.82213
2.82166
2.82157
2.82185
2.82372
2.82249
2.82352
2.82293
2.82467
2.82408
2.82456
2.82509
2.8255
2.82626
2.82647
2.82656
2.82697
2.82671
2.82749
2.82731
2.82772
2.8282
2.82846
2.83017
2.83073
2.83079
2.83221
2.83158
2.83169
2.83108
2.83164
2.83193
2.83214
2.83194
2.82824
2.83029
2.83128
2.8304
2.83091
2.83031
2.82995
2.83079
2.82978
2.83068
2.83333
2.83361
2.83566
2.83745
2.83856
2.83841
2.83734
2.83602
2.8365
2.83591
2.83614
2.83591
2.83557
2.83509
2.83628
2.83514
2.83496
2.83542
2.83502
2.8345
2.83522
2.8342
2.83441
2.8345
2.83366
2.83403
2.83371
2.8344
2.83503
2.83512
2.83486
2.83481
2.83532
2.83572
2.83552
2.83464
2.83372
2.83324
2.83457
2.8365
2.83764
2.83804
2.83989
2.84025
2.84127
2.84049
2.83918
2.84264
2.84319
2.84409
2.84463
2.84403
2.84386
2.84282
2.84182
2.84244
2.8431
2.84549
2.84668
2.84724
2.84775
2.84696
2.84716
2.84751
2.84967
2.85118
2.85523
2.85972
2.86419
2.86825
2.86896
2.8667
2.86591
2.86572
2.86594
2.86567
2.86665
2.87262
2.88801
2.90361
2.92398
2.93899
2.94677
2.94888
2.94699
2.94312
2.9403
2.93533
2.92563
2.91476
2.90266
2.89695
2.89384
2.88909
2.88575
2.88016
2.87619
2.87322
2.87828
2.88447
2.88906
2.8903
2.89197
2.89215
2.89257
2.89389
2.89412
2.89041
2.88553
2.88155
2.87536
2.87084
2.86944
2.86899
2.87079
2.87237
2.87717
2.88342
2.88971
2.89645
2.9053
2.92693
2.95819
2.98974
3.01193
3.01592
3.00682
2.99259
2.97281
2.95566
2.94615
2.94496
2.94252
2.93457
2.92476
2.91589
2.91258
2.91563
2.93146
2.95151
2.96298
2.96792
2.96568
2.95249
2.93191
2.91085
2.897
2.89725
2.90476
2.92013
2.93125
2.93348
2.93124
2.9191
2.90311
2.88931
2.88212
2.87892
2.87415
2.87064
2.86811
2.86567
2.86604
2.86438
2.86409
2.86104
2.86424
2.86231
2.86501
2.86595
2.86774
2.86817
2.86982
2.86979
2.87344
2.87798
2.88033
2.88062
2.88213
2.89003
2.89654
2.90101
2.90281
2.89948
2.90004
2.90413
2.90711
2.90946
2.91047
2.91285
2.9153
2.922
2.93152
2.93541
2.93516
2.92858
2.91873
2.90673
2.90013
2.89942
2.90373
2.91685
2.9368
2.94991
2.95819
2.95905
2.95267
2.9451
2.93586
2.93166
2.92959
2.92833
2.93217
2.93548
2.93802
2.94198
2.94511
2.94203
2.93462
2.92257
2.90684
2.89192
2.88487
2.88604
2.89067
2.8959
2.90318
2.90566
2.90767
2.91041
2.91549
2.91747
2.9164
2.91194
2.90651
2.9059
2.91068
2.915
2.91659
2.91576
2.9072
2.90039
2.89575
2.89177
2.88884
2.88784
2.89044
2.89441
2.89609
2.89946
2.90724
2.91655
2.92466
2.92528
2.91951
2.91254
2.9096
2.90828
2.90894
2.90669
2.90368
2.90194
2.90707
2.91419
2.91716
2.91709
2.91379
2.91247
2.91782
2.92995
2.94944
2.97452
3.00575
3.02805
3.03567
3.03569
3.03199
3.02088
3.00354
2.98048
2.96235
2.94236
2.92307
2.90234
2.89017
2.88081
2.87373
2.86989
2.86772
2.86866
2.86966
2.8681
2.86625
2.86218
2.85767
2.85603
2.86348
2.87131
2.87712
2.87964
2.87909
2.8743
2.8664
2.85733
2.85484
2.85457
2.85621
2.85899
2.86445
2.87208
2.88149
2.8836
2.88236
2.87837
2.87503
2.86877
2.87182
2.87653
2.89157
2.90947
2.91929
2.92594
2.92618
2.91798
2.90458
2.88994
2.88355
2.8759
2.8757
2.87667
2.87923
2.87987
2.87807
2.87363
2.87041
2.86396
2.8553
2.846
2.83913
2.83453
2.82847
2.82707
2.82652
2.82732
2.82636
2.8268
2.82525
2.82837
2.83764
2.8428
2.84727
2.85028
2.85271
2.85907
2.86376
2.86819
2.87968
2.89893
2.92561
2.94443
2.95696
2.95787
2.94682
2.92996
2.90836
2.88353
2.85847
2.83976
2.82492
2.81834
2.81187
2.80844
2.80598
2.80122
2.80603
2.8095
2.81371
2.82262
2.8354
2.85429
2.86707
2.87332
2.86963
2.85923
2.84856
2.83608
2.82304
2.81079
2.80647
2.79943
2.795
2.79314
2.7904
2.78886
2.78988
2.79234
2.79226
2.79725
2.80884
2.82181
2.82928
2.83212
2.83386
2.83085
2.82935
2.82661
2.82161
2.81772
2.80593
2.80471
2.80099
2.79592
2.79421
2.78967
2.78728
2.78574
2.78804
2.792
2.79857
2.80907
2.82098
2.83201
2.84295
2.85244
2.86001
2.86283
2.86107
2.85128
2.83448
2.81815
2.80437
2.79416
2.78504
2.77894
2.77441
2.76743
2.76536
2.76361
2.76391
2.76499
2.76893
2.77446
2.78166
2.78946
2.79653
2.80062
2.79946
2.79538
2.78821
2.78174
2.77667
2.77484
2.77517
2.77873
2.7829
2.78928
2.79114
2.79095
2.78754
2.78237
2.77514
2.76852
2.76398
2.7572
2.75197
2.74706
2.74149
2.73709
2.73314
2.73266
2.73424
2.73668
2.7414
2.74554
2.7509
2.75447
2.76126
2.76831
2.77387
2.77849
2.78264
2.77639
2.77138
2.76846
2.76304
2.75927
2.75444
2.75033
2.74559
2.74397
2.7402
2.74141
2.745
2.75646
2.77153
2.78638
2.8006
2.81268
2.82586
2.84225
2.86565
2.89134
2.91317
2.92996
2.93972
2.94074
2.93138
2.91257
2.88407
2.84556
2.80487
2.77145
2.74829
2.73261
2.72251
2.71525
2.71236
2.71497
2.72383
2.73588
2.75632
2.78635
2.827
2.86133
2.89571
2.92893
2.9504
2.96024
2.96363
2.9585
2.9504
2.93654
2.92103
2.89573
2.8666
2.83723
2.80733
2.77603
2.75623
2.73884
2.73483
2.73537
2.74052
2.74958
2.76759
2.78945
2.81361
2.84109
2.86934
2.89294
2.90614
2.91275
2.90993
2.89627
2.87332
2.84115
2.80338
2.76185
2.72388
2.69747
2.67768
2.66122
2.65315
2.64704
2.64478
2.64206
2.64506
2.653
2.66626
2.68461
2.71045
2.75854
2.82001
2.87416
2.91942
2.9447
2.94474
2.92473
2.88643
2.82886
2.76503
2.70865
2.67172
2.64885
2.63123
2.61674
2.60665
2.60023
2.59424
2.59156
2.59358
2.60769
2.62322
2.63834
2.64777
2.64768
2.63502
2.61753
2.59499
2.57542
2.5622
2.55544
2.55426
2.55344
2.55534
2.55703
2.56191
2.56832
2.57394
2.5791
2.58207
2.58135
2.58606
2.59894
2.61949
2.64611
2.66229
2.66421
2.64567
2.6173
2.58083
2.54265
2.51371
2.49964
2.49297
2.48607
2.48164
2.47525
2.47088
2.46736
2.46374
2.45936
2.45634
2.45272
2.45085
2.44746
2.44689
2.44878
2.45379
2.46231
2.47288
2.48155
2.48615
2.48498
2.47632
2.46199
2.44837
2.43799
2.43117
2.42578
2.42387
2.4198
2.41621
2.411
2.4067
2.40084
2.39551
2.39362
2.39066
2.3878
2.3865
2.38387
2.38141
2.37887
2.37814
2.37616
2.37496
2.37458
2.37386
2.37544
2.37655
2.37732
2.37797
2.37774
2.37592
2.37557
2.37142
2.36788
2.36089
2.35877
2.35837
2.35474
2.35409
2.35302
2.35319
2.35197
2.35049
2.35616
2.3674
2.38308
2.39595
2.40594
2.41686
2.4253
2.42825
2.4268
2.42139
2.41494
2.40571
2.39591
2.38344
2.37417
2.37253
2.36474
2.35813
2.34754
2.34463
2.34035
2.33746
2.33587
2.33363
2.33117
2.33032
2.3278
2.32685
2.32596
2.32629
2.32769
2.32832
2.32883
2.32731
2.32463
2.32192
2.31813
2.31671
2.31556
2.31683
2.32185
2.32732
2.3392
2.34965
2.35775
2.36349
2.36481
2.36392
2.35803
2.35075
2.34436
2.334
2.32494
2.31659
2.30969
2.30991
2.3026
2.29908
2.29712
2.29499
2.29334
2.29147
2.28981
2.28907
2.28803
2.28661
2.28502
2.28358
2.28409
2.28445
2.28265
2.28289
2.28444
2.28985
2.29975
2.31088
2.3224
2.33302
2.34277
2.34639
2.34186
2.33647
2.32993
2.32111
2.31013
2.30254
2.29743
2.29545
2.29285
2.29055
2.28758
2.28414
2.27966
2.27697
2.2728
2.27157
2.26697
2.265
2.26021
2.25597
2.25201
2.24923
2.24469
2.24324
2.24008
2.23586
2.23018
2.22731
2.22308
2.21976
2.21786
2.21556
2.21498
2.21329
2.21231
2.21003
2.21024
2.20955
2.20854
2.20914
2.20785
2.2067
2.20904
2.20869
2.20917
2.21011
2.20841
2.20979
2.20935
2.20876
2.21018
2.21267
2.21643
2.222
2.2285
2.2387
2.24789
2.25574
2.2622
2.2663
2.26336
2.25546
2.24459
2.23265
2.22171
2.21276
2.20539
2.2003
2.19676
2.19676
2.19734
2.19614
2.19445
2.19479
2.19349
2.19369
2.19361
2.19416
2.19366
2.19498
2.19639
2.19687
2.19795
2.19921
2.20064
2.20268
2.20436
2.20576
2.20842
2.21111
2.21428
2.21733
2.22449
2.23687
2.25849
2.28205
2.30168
2.31324
2.31473
2.3107
2.29567
2.27691
2.25956
2.24776
2.2386
2.23472
2.23285
2.23273
2.23172
2.23149
2.23155
2.23163
2.23254
2.2333
2.2328
2.23466
2.23487
2.23713
2.23732
2.23763
2.23927
2.24012
2.24185
2.24396
2.24319
2.24604
2.24821
2.25029
2.25142
2.25384
2.25523
2.25721
2.2585
2.26078
2.26221
2.26511
2.26688
2.2679
2.27038
2.27296
2.27549
2.27832
2.28048
2.28452
2.28748
2.29017
2.29042
2.29334
2.29242
2.2922
2.29161
2.29229
2.29316
2.2945
2.29599
2.298
2.29923
2.30169
2.30378
2.30573
2.30663
2.31022
2.31233
2.3141
2.31546
2.31834
2.31979
2.3217
2.32174
2.32271
2.32564
2.3262
2.32816
2.32947
2.33105
2.33405
2.33663
2.33798
2.3381
2.33706
2.33538
2.33417
2.33392
2.33373
2.33539
2.33813
2.33956
2.33909
2.34506
2.3418
2.34295
2.3431
2.34344
2.34214
2.33993
2.33681
2.33418
2.33279
2.33075
2.32964
2.32897
2.32884
2.3278
2.32755
2.32614
2.32583
2.32377
2.32181
2.32245
2.32066
2.32105
2.32002
2.32045
2.32065
2.31981
2.319
2.31841
2.31766
2.31691
2.31617
2.31541
2.31506
2.31505
2.31405
2.31485
2.31458
2.31425
2.3137
2.31333
2.31268
2.31212
2.31214
2.31113
2.31033
2.31002
2.30902
2.30812
2.3074
2.30622
2.30598
2.3058
2.3042
2.30399
2.30371
2.30298
2.30256
2.30168
2.30089
2.30077
2.29847
2.29587
2.29483
2.2945
2.29396
2.29436
2.29419
2.29272
2.29353
2.29321
2.28992
2.29283
2.29351
2.29268
2.29337
2.2939
2.29344
2.29318
2.29408
2.29341
2.29328
2.29328
2.29283
2.29376
2.29374
2.29385
2.2938
2.2947
2.29375
2.29263
2.29444
2.29371
2.29383
2.29193
2.29278
2.29173
2.2905
2.28905
2.28958
2.2881
2.2899
2.28555
2.28436
2.28325
2.28115
2.27927
2.27948
2.27717
2.27706
2.27658
2.27582
2.27474
2.2741
2.27355
2.2741
2.27366
2.27374
2.27313
2.27346
2.27301
2.27185
2.27196
2.27165
2.27303
2.27385
2.27325
2.27434
2.27436
2.27445
2.27305
2.27347
2.27294
2.27309
2.27272
2.2732
2.27201
2.27214
2.27313
2.27453
2.27403
2.27568
2.27655
2.27971
2.27911
2.27944
2.27804
2.27765
2.27607
2.27439
2.27399
2.27299
2.27261
2.27254
2.27326
2.27398
2.27244
2.27429
2.27535
2.2775
2.27868
2.2781
2.27921
2.27966
2.27976
2.28056
2.27936
2.27817
2.2772
2.27746
2.27644
2.27724
2.27751
2.27504
2.27443
2.27709
2.27723
2.27842
2.27905
2.27939
2.2806
2.28
2.2803
2.28028
2.28019
2.2795
2.27731
2.27471
2.27011
2.27257
2.26942
2.26926
2.27337
2.25997
2.26028
2.26147
2.26592
2.26826
2.26812
2.26886
2.26723
2.2668
2.26858
2.26605
2.26422
2.2689
2.26595
2.26827
2.27041
2.27064
2.26863
2.2675
2.26804
2.26721
2.26489
2.26804
2.27242
2.27544
2.27549
2.27543
2.27497
2.27361
2.27113
2.27101
2.26956
2.26897
2.26724
2.26795
2.261
2.25831
2.25737
2.25622
2.25959
2.26171
2.26434
2.26455
2.26469
2.2651
2.26604
2.26672
2.26636
2.26666
2.2688
2.2662
2.26782
2.26949
2.26816
2.26936
2.26685
2.26742
2.26466
2.26632
2.26468
2.26419
2.26362
2.26335
2.26063
2.26005
2.25926
2.25804
2.25776
2.24831
2.25735
2.25929
2.25969
2.2614
2.24928
2.25541
2.26307
2.26344
2.26532
2.26206
2.2652
2.26566
2.26771
2.26679
2.26519
2.25878
2.26069
2.26044
2.26194
2.26714
2.26765
2.27019
2.26808
2.26735
2.26495
2.26334
2.26282
2.26593
2.27228
2.27487
2.27438
2.27583
2.2784
2.28167
2.28243
2.28321
2.28317
2.28376
2.28486
2.28363
2.28229
2.28278
2.28148
2.28203
2.2823
2.28269
2.28339
2.28324
2.28304
2.28369
2.28364
2.28405
2.28427
2.28519
2.28607
2.29057
2.28771
2.28887
2.29086
2.29273
2.29439
2.29695
2.29935
2.30421
2.30781
2.31384
2.31858
2.32359
2.32817
2.33086
2.32894
2.32565
2.32045
2.31796
2.31493
2.31213
2.31098
2.31075
2.30929
2.30937
2.3095
2.31063
2.31145
2.31232
2.31071
2.31108
2.31105
2.30959
2.30847
2.3069
2.3057
2.30328
2.3028
2.30077
2.29756
2.2978
2.29689
2.29347
2.29334
2.29244
2.29325
2.29419
2.29298
2.29427
2.29372
2.29268
2.29325
2.29171
2.28942
2.28964
2.29051
2.29089
2.29199
2.29504
2.29613
2.29812
2.29716
2.297
2.29399
2.2934
2.2932
2.29494
2.29706
2.30458
2.30972
2.31409
2.31675
2.31985
2.32101
2.32047
2.31786
2.31491
2.30998
2.30602
2.29982
2.2949
2.29154
2.28814
2.28678
2.28458
2.28013
2.27726
2.27179
2.26689
2.25934
2.25313
2.24844
2.24405
2.23972
2.23688
2.23284
2.23114
2.22861
2.22593
2.22313
2.21949
2.2161
2.21287
2.20919
2.20586
2.20139
2.19793
2.19387
2.19315
2.19024
2.18721
2.18491
2.18309
2.1815
2.18043
2.1765
2.17555
2.17204
2.17065
2.16789
2.16509
2.16283
2.16348
2.15892
2.15728
2.15436
2.15284
2.15086
2.14937
2.14412
2.14044
2.14328
2.14322
2.14179
2.14292
2.1398
2.1385
2.13755
2.13487
2.13405
2.13219
2.13202
2.13103
2.12798
2.12976
2.1289
2.12769
2.12889
2.12967
2.1285
2.12809
2.12619
2.12402
2.12294
2.12185
2.1204
2.1215
2.11981
2.11954
2.11879
2.11741
2.11702
2.11645
2.1158
2.11514
2.1157
2.11463
2.11415
2.11435
2.11375
2.11322
2.11134
2.11251
2.11358
2.11352
2.11267
2.11288
2.11258
2.11284
2.11311
2.11292
2.11311
2.11296
2.11361
2.11382
2.11338
2.11434
2.11447
2.11495
2.11485
2.11565
2.11649
2.11547
2.11638
2.11736
2.11759
2.11855
2.11854
2.11929
2.11892
2.11937
2.11952
2.12268
2.12039
2.12091
2.12144
2.12257
2.12275
2.12237
2.12237
2.12391
2.12403
2.12443
2.12542
2.12618
2.12572
2.12696
2.12709
2.12745
2.12745
2.12805
2.1287
2.12902
2.13032
2.13126
2.13181
2.13253
2.1332
2.13475
2.13463
2.13548
2.13632
2.13449
2.13772
2.13839
2.13828
2.13779
2.13472
2.12416
2.13181
2.13652
2.14619
2.15797
2.16195
2.16381
2.16278
2.16401
2.16597
2.16628
2.16062
2.16343
2.16723
2.1689
2.1721
2.17302
2.17513
2.17698
2.17828
2.17912
2.17543
2.18016
2.17956
2.18235
2.18696
2.19124
2.19277
2.19348
2.19679
2.19796
2.20002
2.20616
2.20966
2.20616
2.20683
2.20976
2.21278
2.21384
2.21622
2.21841
2.22064
2.22218
2.21902
2.22294
2.2307
2.23303
2.23438
2.2368
2.23213
2.2346
2.23813
2.24819
2.25091
2.25351
2.25534
2.25789
2.26094
2.26477
2.2661
2.26676
2.26752
2.26793
2.27115
2.27306
2.27601
2.27797
2.27879
2.28268
2.28756
2.2905
2.29429
2.3021
2.30278
2.30223
2.30787
2.3067
2.29936
2.30084
2.30299
2.30565
2.30649
2.30755
2.30984
2.31246
2.31311
2.31544
2.31602
2.31835
2.31966
2.32135
2.3219
2.32401
2.32376
2.32685
2.32873
2.331
2.3317
2.33332
2.33503
2.33535
2.33705
2.33794
2.33993
2.34098
2.34275
2.34391
2.34497
2.34707
2.34854
2.34951
2.34374
2.31195
2.34773
2.3509
2.35295
2.35421
2.35524
2.3564
2.35643
2.35798
2.35833
2.35921
2.35984
2.36053
2.36109
2.36276
2.36361
2.36484
2.36619
2.36753
2.36852
2.36906
2.3701
2.37029
2.37233
2.37304
2.37452
2.37575
2.37567
2.37706
2.37864
2.37928
2.38045
2.38175
2.38218
2.38364
2.38374
2.38388
2.38601
2.38715
2.3873
2.38802
2.38904
2.38993
2.39112
2.39278
2.39324
2.39479
2.39564
2.39713
2.40044
2.39847
2.39935
2.40069
2.40233
2.40444
2.40543
2.40571
2.40714
2.40918
2.40955
2.41097
2.41184
2.41425
2.41508
2.41701
2.41737
2.41916
2.41994
2.42129
2.42228
2.42361
2.42523
2.42615
2.42676
2.4292
2.42939
2.43089
2.43185
2.43433
2.4345
2.43567
2.43639
2.43818
2.43951
2.44086
2.44168
2.44388
2.44484
2.44503
2.44717
2.44759
2.44857
2.45289
2.45149
2.4529
2.45406
2.45549
2.45667
2.45775
2.45872
2.4605
2.46096
2.46293
2.46341
2.46508
2.46651
2.46712
2.46848
2.47077
2.47131
2.47235
2.47308
2.47427
2.47627
2.47752
2.47891
2.48032
2.48105
2.48245
2.48293
2.48496
2.48266
2.4868
2.48843
2.48908
2.49052
2.49042
2.49274
2.49377
2.49486
2.49557
2.49641
2.498
2.49944
2.50093
2.50131
2.5039
2.50419
2.50535
2.50618
2.50753
2.50938
2.50994
2.51102
2.51247
2.51379
2.51547
2.51658
2.51835
2.51926
2.52015
2.52237
2.52253
2.5245
2.5258
2.52569
2.52779
2.52801
2.52846
2.52966
2.53061
2.53185
2.53274
2.53375
2.53497
2.53563
2.53665
2.5379
2.53755
2.53883
2.54043
2.54135
2.54202
2.54316
2.54513
2.54507
2.54641
2.54649
2.54784
2.54744
2.54851
2.55055
2.55056
2.55146
2.55247
2.5528
2.55376
2.55422
2.55375
2.55373
2.55846
2.5557
2.55573
2.55652
2.55738
2.55792
2.55829
2.55976
2.55948
2.56022
2.55726
2.56047
2.56108
2.56069
2.56177
2.56195
2.56245
2.56048
2.56307
2.56256
2.56272
2.56349
2.56307
2.56453
2.56424
2.56528
2.56519
2.56596
2.56563
2.56525
2.56548
2.56597
2.56631
2.5661
2.56708
2.56664
2.56706
2.56676
2.56777
2.5668
2.56693
2.56689
2.56604
2.56659
2.56672
2.56624
2.56646
2.56621
2.5664
2.56684
2.5658
2.56519
2.56528
2.56581
2.56669
2.5657
2.56611
2.56536
2.56575
2.56508
2.56517
2.56481
2.56389
2.564
2.565
2.56416
2.56398
2.56383
2.56393
2.56288
2.56301
2.5624
2.5632
2.56288
2.56271
2.56263
2.56123
2.56178
2.56183
2.56032
2.56002
2.55999
2.55932
2.55945
2.55874
2.55851
2.55914
2.55794
2.55852
2.55769
2.5572
2.5574
2.55695
2.55752
2.55856
2.55838
2.55821
2.55779
2.55836
2.55708
2.55703
2.55783
2.55703
2.55708
2.55733
2.55737
2.55653
2.55565
2.55543
2.55452
2.55435
2.55348
2.55332
2.55403
2.55431
2.55375
2.55306
2.55356
2.55312
2.55297
2.55257
2.55235
2.55299
2.5521
2.55214
2.55165
2.55105
2.55097
2.55198
2.55069
2.54995
2.55016
2.54938
2.54899
2.54896
2.54838
2.54856
2.54844
2.54917
2.54848
2.54777
2.54716
2.54657
2.54676
2.54638
2.54677
2.54459
2.54385
2.5435
2.54252
2.54175
2.5407
2.5404
2.54072
2.53995
2.53896
2.53866
2.5382
2.53775
2.53689
2.53596
2.5357
2.53451
2.53394
2.53376
2.53295
2.53202
2.53162
2.53133
2.5299
2.52921
2.52836
2.52795
2.52822
2.52757
2.52607
2.52663
2.52511
2.52631
2.52583
2.52875
2.52519
2.52412
2.52428
2.52382
2.52324
2.52265
2.5223
2.52142
2.51958
2.51989
2.51949
2.51891
2.51728
2.51932
2.51837
2.51809
2.51722
2.51745
2.51583
2.51502
2.51478
2.51507
2.51376
2.51457
2.51314
2.51262
2.51207
2.51149
2.5105
2.51008
2.50979
2.50916
2.50833
2.50775
2.50713
2.50653
2.50534
2.50518
2.50439
2.50369
2.50342
2.50211
2.502
2.50178
2.50178
2.50099
2.49983
2.50009
2.4992
2.49876
2.49796
2.49747
2.49781
2.4985
2.49734
2.49722
2.49644
2.49526
2.49484
2.49306
2.49343
2.49156
2.49091
2.49062
2.48829
2.48768
2.48525
2.48379
2.48163
2.47978
2.47807
2.47691
2.47566
2.47451
2.47318
2.47267
2.47171
2.47058
2.46937
2.46726
2.46614
2.46471
2.46328
2.46203
2.46056
2.45962
2.45914
2.46024
2.45969
2.46066
2.45965
2.45886
2.45903
2.45795
2.45796
2.45726
2.45573
2.45364
2.45238
2.45038
2.44999
2.44865
2.44909
2.44911
2.44865
2.44779
2.44764
2.44793
2.44631
2.44497
2.44491
2.4442
2.44429
2.44422
2.44334
2.4437
2.44384
2.44287
2.4426
2.44188
2.44438
2.44013
2.43982
2.43893
2.43794
2.43823
2.43732
2.43795
2.43675
2.43698
2.43778
2.43811
2.43892
2.43991
2.44122
2.44236
2.44207
2.44108
2.43937
2.43824
2.43732
2.43672
2.43642
2.43588
2.43428
2.43404
2.43266
2.43251
2.43084
2.42924
2.42733
2.42562
2.42327
2.42515
2.4239
2.42358
2.42204
2.42154
2.4182
2.4152
2.41169
2.41164
2.40506
2.40314
2.40104
2.39888
2.39735
2.39722
2.39681
2.39448
2.39453
2.39377
2.40281
2.41117
2.39269
2.3889
2.38391
2.38302
2.37968
2.37732
2.37584
2.37274
2.37127
2.37082
2.36945
2.36828
2.36643
2.36562
2.36416
2.36264
2.36057
2.35932
2.35786
2.35622
2.35451
2.35337
2.35239
2.35176
2.35032
2.34962
2.34981
2.3497
2.34822
2.34689
2.3455
2.34504
2.34373
2.34327
2.34235
2.34105
2.34057
2.33825
2.33624
2.33299
2.33204
2.32976
2.32686
2.32564
2.32331
2.32073
2.31867
2.3167
2.31519
2.3135
2.3107
2.31085
2.3076
2.30635
2.3037
2.30147
2.30026
2.29811
2.29728
2.29508
2.29344
2.29201
2.28949
2.2876
2.28548
2.28757
2.28246
2.28003
2.27917
2.27878
2.27554
2.2745
2.27266
2.2709
2.26858
2.26685
2.265
2.26268
2.26158
2.26132
2.25886
2.25817
2.25732
2.25568
2.25453
2.2537
2.25638
2.25272
2.2528
2.25224
2.25069
2.25102
2.24996
2.25032
2.2501
2.25005
2.24975
2.24817
2.24737
2.24583
2.24378
2.24186
2.23909
2.2392
2.23728
2.23725
2.23678
2.23905
2.23638
2.2352
2.23339
2.23201
2.23058
2.22934
2.22759
2.22599
2.22575
2.22324
2.22287
2.22259
2.2217
2.22218
2.22177
2.22211
2.22192
2.22155
2.22124
2.22165
2.22117
2.22088
2.22154
2.22242
2.22306
2.22228
2.2214
2.22078
2.21968
2.21669
2.21417
2.2131
2.20967
2.20593
2.19938
2.19595
2.19458
2.19263
2.19331
2.1912
2.18689
2.1897
2.19151
2.19262
2.19199
2.19152
2.19032
2.18993
2.18922
2.18903
2.18899
2.18852
2.18839
2.18882
2.1879
2.18839
2.18812
2.18909
2.18851
2.18811
2.18907
2.18851
2.18793
2.18821
2.18814
2.18918
2.18606
2.1855
2.18508
2.18515
2.18948
2.19322
2.19515
2.19439
2.19513
2.19623
2.1966
2.19515
2.19486
2.19326
2.19296
2.19327
2.19256
2.1929
2.19193
2.19235
2.18923
2.19085
2.19028
2.19026
2.19039
2.18982
2.18534
2.18501
2.18406
2.18623
2.18867
2.19065
2.18926
2.18808
2.1893
2.19117
2.18956
2.18966
2.18976
2.19068
2.18995
2.1907
2.19131
2.19212
2.18864
2.18837
2.18497
2.18873
2.18854
2.18527
2.18224
2.18551
2.18348
2.18649
2.17571
2.17495
2.17424
2.17332
2.17381
2.18325
2.18346
2.18356
2.18425
2.17854
2.17974
2.18359
2.18117
2.17963
2.17565
2.17413
2.17411
2.17368
2.17538
2.17414
2.17428
2.17542
2.17504
2.17599
2.17643
2.17658
2.17673
2.1765
2.17696
2.17784
2.17781
2.18169
2.17971
2.16781
2.163
2.15771
2.16309
2.16741
2.17113
