Lenlab red 7.0 Logger-Daten
Zeit;Kanal_1
0;0.0129001
0.1;0.0121196
0.2;0.0118112
0.3;0.0118332
0.4;0.0116066
0.5;0.0118237
0.6;0.0114996
0.7;0.0117765
0.8;0.0117419
0.9;0.0117167
1;0.0124028
1.1;0.0125507
1.2;0.0123399
1.3;0.0122801
1.4;0.0118458
1.5;0.0119496
1.6;0.0111408
1.7;0.0130511
1.8;0.011509
1.9;0.0119717
2;0.0122706
2.1;0.0121951
2.2;0.0122643
2.3;0.0122581
2.4;0.0116916
2.5;0.01183
2.6;0.0120063
2.7;0.0119874
2.8;0.011616
2.9;0.0117671
3;0.0114681
3.1;0.0121448
3.2;0.0118112
3.3;0.0121448
3.4;0.0121133
3.5;0.0118426
3.6;0.0117042
3.7;0.0124249
3.8;0.0125759
3.9;0.0119087
4;0.0125381
4.1;0.0123776
4.2;0.0121794
4.3;0.0124658
4.4;0.012642
4.5;0.011616
4.6;0.011616
4.7;0.0119087
4.8;0.0119213
4.9;0.0119717
5;0.0127679
5.1;0.0128151
5.2;0.0119182
5.3;0.0124846
5.4;0.0122864
5.5;0.0118678
5.6;0.0116507
5.7;0.0119905
5.8;0.0115783
5.9;0.0120881
6;0.0126798
6.1;0.0121731
6.2;0.0127081
6.3;0.0125256
6.4;0.011679
6.5;0.0123021
6.6;0.0117797
6.7;0.0120094
6.8;0.0119433
6.9;0.0123871
7;0.0120063
7.1;0.012321
7.2;0.0119496
7.3;0.0123619
7.4;0.0117954
7.5;0.011915
7.6;0.0117734
7.7;0.0123241
7.8;0.0117891
7.9;0.0121101
8;0.0136459
8.1;0.0123651
8.2;0.0121353
8.3;0.0124311
8.4;0.0116444
8.5;0.0118426
8.6;0.0118049
8.7;0.0120063
8.8;0.0116695
8.9;0.0119276
9;0.0126924
9.1;0.0123399
9.2;0.0127364
9.3;0.0125444
