Lenlab red 7.0 Logger-Daten
Zeit;Kanal_1
0;0.134625
0.1;0.133854
0.2;0.133863
0.3;0.133476
0.4;0.133992
0.5;0.13386
0.6;0.133847
0.7;0.133718
0.8;0.134335
0.9;0.134134
1;0.134231
1.1;0.134445
1.2;0.134294
1.3;0.133696
1.4;0.13437
1.5;0.134219
1.6;0.134606
1.7;0.134039
1.8;0.134857
1.9;0.134599
2;0.134889
2.1;0.134713
2.2;0.134599
2.3;0.13403
2.4;0.134703
2.5;0.134247
2.6;0.134461
2.7;0.134502
2.8;0.134455
2.9;0.134659
3;0.134986
3.1;0.134958
3.2;0.134505
3.3;0.134159
3.4;0.13499
3.5;0.134146
3.6;0.134766
3.7;0.134146
3.8;0.134609
3.9;0.1347
4;0.134795
4.1;0.134448
4.2;0.134348
4.3;0.133888
4.4;0.134448
4.5;0.133976
4.6;0.134496
4.7;0.134782
4.8;0.134445
4.9;0.134455
5;0.134593
5.1;0.134562
5.2;0.134357
5.3;0.133976
5.4;0.134077
5.5;0.133863
5.6;0.134083
5.7;0.133775
5.8;0.134448
5.9;0.134278
6;0.134143
6.1;0.133819
6.2;0.134231
6.3;0.133809
6.4;0.13402
6.5;0.133633
6.6;0.133715
