Lenlab red 7.0 Logger-Daten
Zeit;Kanal_1
0;1.30679
0.1;1.30622
0.2;1.30592
0.3;1.30576
0.4;1.30767
0.5;1.3089
0.6;1.30932
0.7;1.31022
0.8;1.30988
0.9;1.31145
1;1.31209
1.1;1.3129
1.2;1.31362
1.3;1.31395
1.4;1.31417
1.5;1.31531
1.6;1.31622
1.7;1.31659
1.8;1.31712
1.9;1.31778
2;1.3183
2.1;1.31902
2.2;1.31926
2.3;1.31943
2.4;1.31902
2.5;1.32046
2.6;1.32037
2.7;1.32079
2.8;1.32304
2.9;1.32587
3;1.32474
3.1;1.32439
3.2;1.32518
3.3;1.32555
3.4;1.3248
3.5;1.32527
3.6;1.32509
3.7;1.32578
3.8;1.32538
3.9;1.32654
4;1.32665
4.1;1.32639
4.2;1.32709
4.3;1.3271
4.4;1.32729
4.5;1.32771
4.6;1.32784
4.7;1.3275
4.8;1.32742
4.9;1.32743
5;1.32725
5.1;1.32709
5.2;1.32675
5.3;1.32877
5.4;1.32793
5.5;1.32784
5.6;1.32772
5.7;1.32801
5.8;1.32742
5.9;1.32668
6;1.3275
6.1;1.32772
6.2;1.32753
6.3;1.32721
6.4;1.3259
6.5;1.32647
6.6;1.32526
6.7;1.32554
6.8;1.32485
6.9;1.3264
7;1.32505
7.1;1.32423
7.2;1.32328
7.3;1.32232
7.4;1.32078
7.5;1.31984
7.6;1.31921
7.7;1.31855
7.8;1.31726
7.9;1.3177
8;1.31767
8.1;1.31643
8.2;1.3154
8.3;1.31587
8.4;1.31488
8.5;1.31477
8.6;1.31482
8.7;1.31492
8.8;1.31411
