Lenlab red 7.0 Logger-Daten
Zeit;Kanal_1
0;1.65569
0.1;1.65435
0.2;1.65467
0.3;1.65613
0.4;1.6565
0.5;1.65825
0.6;1.65857
0.7;1.65954
0.8;1.66013
0.9;1.66069
1;1.66137
1.1;1.66219
1.2;1.662
1.3;1.66313
1.4;1.66292
1.5;1.66418
1.6;1.66393
1.7;1.66481
1.8;1.66537
1.9;1.6657
2;1.66625
2.1;1.66795
2.2;1.66653
2.3;1.66711
2.4;1.66771
2.5;1.66825
2.6;1.66815
2.7;1.66861
2.8;1.66981
2.9;1.6698
3;1.67003
3.1;1.6709
3.2;1.67187
3.3;1.6723
3.4;1.6729
3.5;1.6737
3.6;1.6725
3.7;1.67427
3.8;1.67461
3.9;1.67504
4;1.67528
4.1;1.67542
4.2;1.67513
4.3;1.67583
4.4;1.67475
4.5;1.67459
4.6;1.67511
4.7;1.67606
4.8;1.67635
4.9;1.67616
5;1.67642
5.1;1.67669
5.2;1.67594
5.3;1.67645
5.4;1.6768
5.5;1.67698
5.6;1.67712
5.7;1.67561
5.8;1.67497
5.9;1.67549
6;1.67561
6.1;1.67579
6.2;1.67688
6.3;1.67726
6.4;1.67787
6.5;1.67899
6.6;1.67889
6.7;1.67819
6.8;1.6801
6.9;1.67945
7;1.6789
7.1;1.67878
7.2;1.67801
7.3;1.67977
7.4;1.67839
7.5;1.67857
7.6;1.67782
7.7;1.67765
7.8;1.67783
7.9;1.67717
