Lenlab red 7.0 Logger-Daten
Zeit;Kanal_1
0;1.79079
0.1;1.78643
0.2;1.78652
0.3;1.78825
0.4;1.78857
0.5;1.78901
0.6;1.79017
0.7;1.79066
0.8;1.79193
0.9;1.79259
1;1.79403
1.1;1.79441
1.2;1.79528
1.3;1.79623
1.4;1.79593
1.5;1.79603
1.6;1.79687
1.7;1.79685
1.8;1.79724
1.9;1.79762
2;1.79886
2.1;1.79878
2.2;1.79911
2.3;1.79967
2.4;1.79957
2.5;1.79978
2.6;1.79942
2.7;1.80051
2.8;1.80036
2.9;1.80031
3;1.80066
3.1;1.8011
3.2;1.80154
3.3;1.80133
3.4;1.80189
3.5;1.80157
3.6;1.80176
3.7;1.80182
3.8;1.80232
3.9;1.80195
4;1.80233
4.1;1.80215
4.2;1.80256
4.3;1.80239
4.4;1.8023
4.5;1.80093
4.6;1.80233
4.7;1.80134
4.8;1.80113
4.9;1.8004
5;1.80075
5.1;1.7999
5.2;1.79934
5.3;1.79925
5.4;1.79946
5.5;1.79859
5.6;1.79845
5.7;1.79796
5.8;1.7973
5.9;1.79637
6;1.79669
6.1;1.7959
6.2;1.79549
6.3;1.79543
6.4;1.79464
6.5;1.79392
6.6;1.79414
6.7;1.7928
6.8;1.79255
6.9;1.79184
7;1.79176
7.1;1.792
7.2;1.79064
7.3;1.79004
7.4;1.78857
7.5;1.78732
7.6;1.78771
7.7;1.78611
7.8;1.78537
7.9;1.78427
8;1.78414
8.1;1.78334
8.2;1.78235
8.3;1.7816
8.4;1.78017
8.5;1.77864
8.6;1.77765
8.7;1.77614
8.8;1.77524
8.9;1.7737
9;1.77343
9.1;1.77082
