Lenlab red 7.0 Logger-Daten
Zeit;Kanal_1
0;1.86848
0.1;1.86681
0.2;1.86763
0.3;1.86925
0.4;1.86958
0.5;1.87104
0.6;1.87138
0.7;1.8721
0.8;1.8729
0.9;1.87377
1;1.87387
1.1;1.8748
1.2;1.87475
1.3;1.876
1.4;1.8765
1.5;1.87718
1.6;1.87842
1.7;1.87914
1.8;1.87999
1.9;1.87988
2;1.87972
2.1;1.88036
2.2;1.88021
2.3;1.88112
2.4;1.88074
2.5;1.88087
2.6;1.88176
2.7;1.88148
2.8;1.88211
2.9;1.88191
3;1.88148
3.1;1.88192
3.2;1.88181
3.3;1.88247
3.4;1.88208
3.5;1.88252
3.6;1.88315
3.7;1.88304
3.8;1.88368
3.9;1.88314
4;1.88269
4.1;1.88293
4.2;1.88195
4.3;1.88255
4.4;1.88193
4.5;1.88132
4.6;1.88139
4.7;1.88108
4.8;1.88111
4.9;1.88057
5;1.87979
5.1;1.87973
5.2;1.87901
5.3;1.87864
5.4;1.8778
5.5;1.8772
5.6;1.87711
5.7;1.87662
5.8;1.87624
5.9;1.87581
6;1.87459
6.1;1.87403
6.2;1.87393
6.3;1.87365
6.4;1.87257
6.5;1.8722
6.6;1.87118
6.7;1.87091
6.8;1.86998
6.9;1.86904
7;1.86757
7.1;1.86703
7.2;1.8656
7.3;1.86573
7.4;1.86335
7.5;1.86309
7.6;1.86152
7.7;1.86085
7.8;1.85945
7.9;1.85869
8;1.85685
8.1;1.85611
8.2;1.85432
8.3;1.85366
8.4;1.85171
8.5;1.85012
8.6;1.84988
8.7;1.84809
8.8;1.84694
8.9;1.84591
