Lenlab red 7.0 Logger-Daten
Zeit;Kanal_1
0;0.249825
0.1;0.249394
0.2;0.249259
0.3;0.249114
0.4;0.249347
0.5;0.249778
0.6;0.248686
0.7;0.249186
0.8;0.248484
0.9;0.249013
1;0.248415
1.1;0.24856
1.2;0.24913
1.3;0.248554
1.4;0.248343
1.5;0.248503
1.6;0.247908
1.7;0.247981
1.8;0.247496
1.9;0.247034
2;0.248368
2.1;0.247616
2.2;0.247525
2.3;0.247931
2.4;0.247528
2.5;0.248072
2.6;0.247307
2.7;0.247503
2.8;0.247062
2.9;0.247402
3;0.246602
3.1;0.246845
3.2;0.246892
3.3;0.247543
3.4;0.245957
3.5;0.24625
3.6;0.246527
3.7;0.245998
3.8;0.245441
3.9;0.245982
4;0.245366
4.1;0.245665
4.2;0.245425
4.3;0.245756
4.4;0.245561
4.5;0.245551
4.6;0.244717
4.7;0.24529
4.8;0.244075
4.9;0.244428
5;0.244252
5.1;0.244387
5.2;0.243912
5.3;0.244195
5.4;0.244277
5.5;0.244415
5.6;0.2431
5.7;0.243924
5.8;0.243052
5.9;0.243789
6;0.242993
6.1;0.243849
6.2;0.244362
6.3;0.243339
6.4;0.243046
6.5;0.242964
6.6;0.242275
6.7;0.242495
6.8;0.242118
6.9;0.242291
7;0.241772
7.1;0.242272
7.2;0.241929
7.3;0.242071
7.4;0.242193
7.5;0.242071
7.6;0.241737
7.7;0.241794
7.8;0.240972
7.9;0.24107
8;0.240985
8.1;0.240349
8.2;0.24095
