Lenlab red 7.0 Logger-Daten
Zeit;Kanal_1
0;1.9644
0.1;1.98313
0.2;1.99136
0.3;1.99313
0.4;1.99312
0.5;1.99415
0.6;1.99437
0.7;1.99531
0.8;1.99489
0.9;1.99567
1;1.99537
1.1;1.99531
1.2;1.99529
1.3;1.99549
1.4;1.99481
1.5;1.99439
1.6;1.99454
1.7;1.99497
1.8;1.99423
1.9;1.99419
2;1.99357
2.1;1.99347
2.2;1.99442
2.3;1.99402
2.4;1.99303
2.5;1.99313
2.6;1.99223
2.7;1.99319
2.8;1.99181
2.9;1.99142
3;1.99127
3.1;1.99079
3.2;1.9901
3.3;1.99014
3.4;1.98899
3.5;1.98911
3.6;1.98937
3.7;1.98886
3.8;1.98855
3.9;1.98861
4;1.98877
4.1;1.98877
4.2;1.989
4.3;1.98846
4.4;1.98695
4.5;1.98855
4.6;1.98691
4.7;1.98671
4.8;1.98596
4.9;1.98606
5;1.98568
5.1;1.98605
5.2;1.98445
5.3;1.98388
5.4;1.98258
5.5;1.98211
5.6;1.98113
5.7;1.98051
5.8;1.9788
5.9;1.97825
6;1.97752
6.1;1.97653
6.2;1.97458
6.3;1.97303
6.4;1.97101
6.5;1.96927
6.6;1.96642
6.7;1.96424
6.8;1.96178
6.9;1.96004
7;1.95844
7.1;1.95814
7.2;1.95697
7.3;1.95653
7.4;1.95522
7.5;1.95543
7.6;1.95432
7.7;1.95486
7.8;1.95416
7.9;1.95492
8;1.9542
8.1;1.95257
8.2;1.95136
8.3;1.95023
8.4;1.94705
8.5;1.94613
8.6;1.94493
8.7;1.94422
8.8;1.9433
8.9;1.94352
9;1.94439
9.1;1.94468
9.2;1.94524
9.3;1.94529
9.4;1.94412
9.5;1.94454
9.6;1.94455
9.7;1.94488
