Lenlab red 7.0 Logger-Daten
Zeit;Kanal_1
0;1.96497
0.1;1.96166
0.2;1.96101
0.3;1.96024
0.4;1.95853
0.5;1.95898
0.6;1.95969
0.7;1.95974
0.8;1.9605
0.9;1.96028
1;1.95971
1.1;1.95986
1.2;1.9603
1.3;1.96022
1.4;1.95804
1.5;1.95841
1.6;1.96126
1.7;1.96026
1.8;1.96144
1.9;1.9619
2;1.96277
2.1;1.96394
2.2;1.96457
2.3;1.96556
2.4;1.96626
2.5;1.96542
2.6;1.96867
2.7;1.96855
2.8;1.96992
2.9;1.97108
3;1.97201
3.1;1.97358
3.2;1.97374
3.3;1.97456
3.4;1.9761
3.5;1.97672
3.6;1.97809
3.7;1.97874
3.8;1.9802
3.9;1.98137
4;1.98294
4.1;1.98408
4.2;1.98408
4.3;1.98515
4.4;1.98628
4.5;1.98704
4.6;1.98877
4.7;1.98941
4.8;1.9913
4.9;1.99207
5;1.9934
5.1;1.99465
5.2;1.99508
5.3;1.99529
5.4;1.99735
5.5;1.99827
5.6;1.99947
5.7;2.00036
5.8;2.00217
5.9;2.00259
6;2.00371
6.1;2.00428
6.2;2.00504
6.3;2.00659
6.4;2.00848
6.5;2.00732
6.6;2.0086
6.7;2.00907
6.8;2.01059
6.9;2.01124
7;2.01189
7.1;2.01247
7.2;2.01338
7.3;2.01323
