Lenlab red 7.0 Logger-Daten
Zeit;Kanal_1
0;0.369139
0.1;0.367644
0.2;0.368151
0.3;0.368044
0.4;0.36828
0.5;0.368377
0.6;0.369353
0.7;0.367751
0.8;0.368283
0.9;0.368818
1;0.368601
1.1;0.369312
1.2;0.369598
1.3;0.370203
1.4;0.370074
1.5;0.37058
1.6;0.369875
1.7;0.370206
1.8;0.370319
1.9;0.37064
2;0.370697
2.1;0.370857
2.2;0.371326
2.3;0.37172
2.4;0.371738
2.5;0.372286
2.6;0.371537
2.7;0.371858
2.8;0.371886
2.9;0.372321
3;0.371984
3.1;0.372135
3.2;0.373041
3.3;0.373104
3.4;0.372988
3.5;0.373353
3.6;0.372849
3.7;0.373224
3.8;0.373076
3.9;0.373702
4;0.373243
4.1;0.373945
4.2;0.374133
4.3;0.374294
4.4;0.374159
4.5;0.374426
4.6;0.374159
4.7;0.374549
4.8;0.37397
4.9;0.374618
5;0.374137
5.1;0.374646
5.2;0.374797
5.3;0.375033
5.4;0.374731
5.5;0.375273
5.6;0.374772
5.7;0.375188
5.8;0.374517
5.9;0.37527
6;0.37475
6.1;0.375251
6.2;0.375506
6.3;0.375122
6.4;0.375641
6.5;0.375317
6.6;0.374612
6.7;0.37527
6.8;0.376141
6.9;0.37436
7;0.374942
7.1;0.375254
7.2;0.375443
7.3;0.375276
7.4;0.375314
7.5;0.375635
7.6;0.375056
7.7;0.375553
7.8;0.374892
7.9;0.374543
8;0.374351
8.1;0.375225
8.2;0.374552
8.3;0.374826
8.4;0.374099
8.5;0.374086
8.6;0.373687
8.7;0.374234
8.8;0.373674
8.9;0.373853
9;0.373617
9.1;0.373617
9.2;0.373753
9.3;0.373583
9.4;0.373095
9.5;0.373265
9.6;0.371912
9.7;0.373923
9.8;0.372066
9.9;0.372229
10;0.371836
10.1;0.372085
