Lenlab red 7.0 Logger-Daten
Zeit;Kanal_1
0;2.14397
0.1;2.14349
0.2;2.14294
0.3;2.14237
0.4;2.14182
0.5;2.14166
0.6;2.1411
0.7;2.14177
0.8;2.14104
0.9;2.14101
1;2.14168
1.1;2.1428
1.2;2.14146
1.3;2.14178
1.4;2.14201
1.5;2.1419
1.6;2.14368
1.7;2.14394
1.8;2.14511
1.9;2.14562
2;2.14637
2.1;2.14779
2.2;2.14729
2.3;2.14888
2.4;2.14884
2.5;2.14974
2.6;2.1494
2.7;2.15103
2.8;2.15133
2.9;2.15197
3;2.15242
3.1;2.15392
3.2;2.15417
3.3;2.15532
3.4;2.15593
3.5;2.15646
3.6;2.15704
3.7;2.16108
3.8;2.15849
3.9;2.15894
4;2.15935
4.1;2.16018
4.2;2.16037
4.3;2.1602
4.4;2.16109
4.5;2.16264
4.6;2.16249
4.7;2.16363
4.8;2.16399
4.9;2.16496
5;2.16534
5.1;2.16623
5.2;2.16701
5.3;2.16784
5.4;2.16872
5.5;2.16867
5.6;2.16899
5.7;2.16975
5.8;2.17034
