Lenlab red 7.0 Logger-Daten
Zeit;Kanal_1
0;2.22129
0.1;2.22115
0.2;2.22122
0.3;2.22136
0.4;2.22174
0.5;2.22274
0.6;2.22252
0.7;2.22299
0.8;2.22315
0.9;2.22359
1;2.22375
1.1;2.22497
1.2;2.22246
1.3;2.22506
1.4;2.22513
1.5;2.22564
1.6;2.22628
1.7;2.22687
1.8;2.22643
1.9;2.22765
2;2.22727
2.1;2.2284
2.2;2.22843
2.3;2.22906
2.4;2.22975
2.5;2.23009
2.6;2.23051
2.7;2.23245
2.8;2.23109
2.9;2.23188
3;2.23215
3.1;2.23261
3.2;2.23288
3.3;2.23396
3.4;2.23444
3.5;2.23472
3.6;2.23528
3.7;2.23554
3.8;2.23516
3.9;2.2366
4;2.2364
4.1;2.23715
4.2;2.2374
4.3;2.23737
4.4;2.23767
4.5;2.23914
4.6;2.23936
4.7;2.23987
4.8;2.24005
4.9;2.241
5;2.24036
5.1;2.24142
5.2;2.24116
5.3;2.24203
5.4;2.24181
5.5;2.24203
5.6;2.2423
5.7;2.24195
5.8;2.24234
5.9;2.24298
6;2.24438
6.1;2.24333
6.2;2.24285
6.3;2.24408
6.4;2.24393
6.5;2.24422
6.6;2.24477
6.7;2.24525
6.8;2.24529
6.9;2.24629
7;2.24631
7.1;2.24812
7.2;2.24786
7.3;2.24856
7.4;2.24901
7.5;2.2476
