Lenlab red 7.0 Logger-Daten
Zeit;Kanal_1
0;0.537712
0.1;0.534124
0.2;0.534306
0.3;0.534048
0.4;0.533781
0.5;0.533734
0.6;0.534209
0.7;0.533589
0.8;0.533985
0.9;0.533897
1;0.534309
1.1;0.534291
1.2;0.534281
1.3;0.53418
1.4;0.534111
1.5;0.533356
1.6;0.534564
1.7;0.534287
1.8;0.534665
1.9;0.534265
2;0.534835
2.1;0.534461
2.2;0.534539
2.3;0.534857
2.4;0.534668
2.5;0.533815
2.6;0.534697
2.7;0.533856
2.8;0.53436
2.9;0.534221
3;0.534479
3.1;0.534426
3.2;0.533718
3.3;0.534067
3.4;0.533734
3.5;0.534262
3.6;0.532878
3.7;0.532789
3.8;0.534508
3.9;0.533419
4;0.533837
4.1;0.534048
4.2;0.534272
4.3;0.534042
4.4;0.533992
4.5;0.534036
4.6;0.533894
4.7;0.533636
4.8;0.53418
4.9;0.533321
5;0.534158
5.1;0.534489
5.2;0.533447
5.3;0.534023
5.4;0.533976
5.5;0.53345
5.6;0.533255
5.7;0.532978
5.8;0.533916
5.9;0.533154
6;0.533485
6.1;0.533875
6.2;0.533318
6.3;0.533809
6.4;0.533416
6.5;0.533337
6.6;0.533494
6.7;0.533158
6.8;0.533627
6.9;0.533243
7;0.534325
7.1;0.534149
7.2;0.534313
7.3;0.533891
7.4;0.533926
7.5;0.533419
7.6;0.533469
7.7;0.533211
7.8;0.532956
7.9;0.533633
8;0.533545
8.1;0.533844
8.2;0.533425
8.3;0.533655
8.4;0.533142
8.5;0.533123
8.6;0.532509
8.7;0.532972
8.8;0.533819
8.9;0.533677
9;0.533859
