Lenlab red 7.0 Logger-Daten
Zeit;Kanal_1
0;2.26375
0.1;2.26399
0.2;2.26333
0.3;2.26374
0.4;2.26459
0.5;2.26419
0.6;2.26505
0.7;2.26395
0.8;2.26459
0.9;2.26513
1;2.26531
1.1;2.26646
1.2;2.26667
1.3;2.26598
1.4;2.26707
1.5;2.26727
1.6;2.2686
1.7;2.26857
1.8;2.2695
1.9;2.2698
2;2.27051
2.1;2.27095
2.2;2.27189
2.3;2.27174
2.4;2.27286
2.5;2.273
2.6;2.27414
2.7;2.27302
2.8;2.27565
2.9;2.27604
3;2.27694
3.1;2.27784
3.2;2.27745
3.3;2.27944
3.4;2.27933
3.5;2.27971
3.6;2.28087
3.7;2.2819
3.8;2.28282
3.9;2.28226
4;2.28301
4.1;2.28344
4.2;2.28407
4.3;2.28464
4.4;2.28524
4.5;2.28556
4.6;2.2861
4.7;2.28654
4.8;2.28715
4.9;2.28775
5;2.28826
5.1;2.2879
5.2;2.28911
5.3;2.2894
5.4;2.28964
5.5;2.28933
5.6;2.29016
5.7;2.29006
5.8;2.29073
5.9;2.28834
6;2.29128
6.1;2.29121
6.2;2.2915
6.3;2.29166
6.4;2.29141
6.5;2.2918
6.6;2.29241
6.7;2.29202
6.8;2.29282
6.9;2.29233
7;2.29301
7.1;2.29305
7.2;2.29283
7.3;2.29249
7.4;2.29286
