Lenlab red 7.0 Logger-Daten
Zeit;Kanal_1
0;0.83587
0.1;0.834448
0.2;0.833928
0.3;0.835074
0.4;0.834668
0.5;0.835332
0.6;0.835452
0.7;0.835571
0.8;0.835351
0.9;0.835955
1;0.835552
1.1;0.83661
1.2;0.836811
1.3;0.836849
1.4;0.836578
1.5;0.83626
1.6;0.837236
1.7;0.837419
1.8;0.837771
1.9;0.837142
2;0.836902
2.1;0.837507
2.2;0.837205
2.3;0.838237
2.4;0.837793
2.5;0.838356
2.6;0.838659
2.7;0.839074
2.8;0.839448
2.9;0.839883
3;0.838825
3.1;0.839175
3.2;0.8384
3.3;0.837906
3.4;0.837733
3.5;0.837865
3.6;0.838045
3.7;0.838344
3.8;0.838951
3.9;0.838275
4;0.838265
4.1;0.838806
4.2;0.83818
4.3;0.838633
4.4;0.838212
4.5;0.838026
4.6;0.838061
4.7;0.838687
4.8;0.838278
4.9;0.838778
5;0.838048
5.1;0.838098
5.2;0.838976
5.3;0.839467
5.4;0.83874
5.5;0.838728
5.6;0.838366
5.7;0.838422
5.8;0.838306
5.9;0.838202
6;0.837456
6.1;0.838243
6.2;0.836755
6.3;0.837551
6.4;0.837598
6.5;0.836415
6.6;0.836965
6.7;0.837006
6.8;0.836849
6.9;0.836644
7;0.835895
7.1;0.836371
7.2;0.836084
7.3;0.835033
7.4;0.834438
7.5;0.834564
7.6;0.83436
