Lenlab red 7.0 Logger-Daten
Zeit;Kanal_1
0;1.09967
0.1;1.10007
0.2;1.10034
0.3;1.09981
0.4;1.09948
0.5;1.10012
0.6;1.10015
0.7;1.09998
0.8;1.10039
0.9;1.10013
1;1.09979
1.1;1.0995
1.2;1.0985
1.3;1.09878
1.4;1.09809
1.5;1.09785
1.6;1.09761
1.7;1.09729
1.8;1.09693
1.9;1.09661
2;1.09587
2.1;1.09489
2.2;1.09397
2.3;1.09352
2.4;1.09327
2.5;1.09302
2.6;1.09191
2.7;1.09152
2.8;1.09126
2.9;1.09092
3;1.08994
3.1;1.08965
3.2;1.08832
3.3;1.08734
3.4;1.08586
3.5;1.08601
3.6;1.08504
3.7;1.08457
3.8;1.08343
3.9;1.08277
4;1.08198
4.1;1.08125
4.2;1.07943
4.3;1.07859
4.4;1.07699
4.5;1.07626
4.6;1.07473
4.7;1.07418
4.8;1.07216
4.9;1.07087
5;1.0704
5.1;1.06911
5.2;1.06711
5.3;1.06583
5.4;1.06438
5.5;1.063
5.6;1.06155
5.7;1.06013
